(2828,1.1046221254112046E-4)
(2350,1.1046221254112046E-4)
(8602,2.1765419783124415E-6)
(7289,1.1046221254112046E-4)
(9100,1.1046221254112046E-4)
(3638,1.1046221254112046E-4)
(5302,2.1765419783124415E-6)
(7425,1.1046221254112046E-4)
(312,1.1046221254112046E-4)
(6299,1.1046221254112046E-4)
(9290,1.1046221254112046E-4)
(3319,1.1046221254112046E-4)
(8792,1.1046221254112046E-4)
(4286,1.1046221254112046E-4)
(4433,1.1046221254112046E-4)
(6611,1.1046221254112046E-4)
(5360,1.1046221254112046E-4)
(2329,1.1046221254112046E-4)
(5317,1.1046221254112046E-4)
(5177,1.1046221254112046E-4)
(6240,1.1046221254112046E-4)
(4558,1.1046221254112046E-4)
(8118,1.1046221254112046E-4)
(9760,1.1046221254112046E-4)
(2277,1.1046221254112046E-4)
(9438,1.1046221254112046E-4)
(6750,1.1046221254112046E-4)
(642,1.1046221254112046E-4)
(1104,4.310197481020451E-6)
(3142,1.1046221254112046E-4)
(792,1.1046221254112046E-4)
(2105,5.3612075311204505E-6)
(4088,1.1046221254112046E-4)
(3249,1.1046221254112046E-4)
(2060,1.1046221254112046E-4)
(5405,5.3612075311204505E-6)
(1706,6.401811541120451E-6)
(6952,1.1046221254112046E-4)
(9320,1.1046221254112046E-4)
(466,1.1046221254112046E-4)
(2574,1.1046221254112046E-4)
(5430,1.1046221254112046E-4)
(5056,1.1046221254112046E-4)
(2493,1.1046221254112046E-4)
(3395,1.1046221254112046E-4)
(5111,1.1046221254112046E-4)
(7726,1.1046221254112046E-4)
(1445,1.1046221254112046E-4)
(7476,1.1046221254112046E-4)
(5966,1.1046221254112046E-4)
(6831,1.1046221254112046E-4)
(749,1.1046221254112046E-4)
(7737,1.1046221254112046E-4)
(7267,1.1046221254112046E-4)
(5012,1.1046221254112046E-4)
(4044,1.1046221254112046E-4)
(2475,1.1046221254112046E-4)
(7829,1.1046221254112046E-4)
(3164,1.1046221254112046E-4)
(789,1.1046221254112046E-4)
(6817,1.1046221254112046E-4)
(884,1.1046221254112046E-4)
(33,1.1046221254112046E-4)
(4994,1.1046221254112046E-4)
(6868,1.1046221254112046E-4)
(5944,1.1046221254112046E-4)
(5999,1.1046221254112046E-4)
(5636,1.1046221254112046E-4)
(3513,1.1046221254112046E-4)
(271,1.1046221254112046E-4)
(4668,1.1046221254112046E-4)
(8293,1.1046221254112046E-4)
(1962,1.1046221254112046E-4)
(6530,1.1046221254112046E-4)
(8271,1.1046221254112046E-4)
(3755,1.1046221254112046E-4)
(7106,6.401811541120451E-6)
(91,1.1046221254112046E-4)
(8983,1.1046221254112046E-4)
(9328,1.1046221254112046E-4)
(5041,1.1046221254112046E-4)
(7575,1.1046221254112046E-4)
(7003,3.248677330419451E-6)
(5096,1.1046221254112046E-4)
(5919,1.1046221254112046E-4)
(6824,1.1046221254112046E-4)
(7007,7.432112541120452E-6)
(9980,1.1046221254112046E-4)
(1027,1.1046221254112046E-4)
(4697,1.1046221254112046E-4)
(6549,1.1046221254112046E-4)
(2934,1.1046221254112046E-4)
(929,1.1046221254112046E-4)
(8536,1.1046221254112046E-4)
(3465,1.1046221254112046E-4)
(1151,1.1046221254112046E-4)
(5199,1.1046221254112046E-4)
(3076,1.1046221254112046E-4)
(7407,7.432112541120452E-6)
(6912,1.1046221254112046E-4)
(7902,2.1765419783124415E-6)
(4150,1.1046221254112046E-4)
(3458,1.1046221254112046E-4)
(4466,1.1046221254112046E-4)
(7957,1.1046221254112046E-4)
(9166,1.1046221254112046E-4)
(8514,1.1046221254112046E-4)
(5397,1.1046221254112046E-4)
(3490,1.1046221254112046E-4)
(4613,1.1046221254112046E-4)
(2938,1.1046221254112046E-4)
(4037,1.1046221254112046E-4)
(9551,1.1046221254112046E-4)
(1056,1.1046221254112046E-4)
(9151,1.1046221254112046E-4)
(4422,1.1046221254112046E-4)
(6273,1.1046221254112046E-4)
(6901,1.0936852726843613E-6)
(3050,1.1046221254112046E-4)
(4341,1.1046221254112046E-4)
(8345,1.1046221254112046E-4)
(9412,1.1046221254112046E-4)
(9694,1.1046221254112046E-4)
(6075,1.1046221254112046E-4)
(8660,1.1046221254112046E-4)
(9713,1.1046221254112046E-4)
(4547,1.1046221254112046E-4)
(3168,1.1046221254112046E-4)
(1317,1.1046221254112046E-4)
(3179,1.1046221254112046E-4)
(3296,1.1046221254112046E-4)
(4929,1.1046221254112046E-4)
(5683,1.1046221254112046E-4)
(352,1.1046221254112046E-4)
(9911,1.1046221254112046E-4)
(730,1.1046221254112046E-4)
(2457,1.1046221254112046E-4)
(1809,9.462212541120453E-6)
(9155,1.1046221254112046E-4)
(1188,1.1046221254112046E-4)
(7913,1.1046221254112046E-4)
(7960,1.1046221254112046E-4)
(5841,1.1046221254112046E-4)
(8044,1.1046221254112046E-4)
(1584,1.1046221254112046E-4)
(2369,1.1046221254112046E-4)
(7450,1.1046221254112046E-4)
(8282,1.1046221254112046E-4)
(5522,1.1046221254112046E-4)
(2633,1.1046221254112046E-4)
(194,1.1046221254112046E-4)
(3289,1.1046221254112046E-4)
(2163,1.1046221254112046E-4)
(1074,1.1046221254112046E-4)
(2923,1.1046221254112046E-4)
(4792,1.1046221254112046E-4)
(4293,1.1046221254112046E-4)
(4419,1.1046221254112046E-4)
(6505,5.3612075311204505E-6)
(2390,1.1046221254112046E-4)
(6813,1.1046221254112046E-4)
(8080,1.1046221254112046E-4)
(7054,1.1046221254112046E-4)
(1346,1.1046221254112046E-4)
(5661,1.1046221254112046E-4)
(7300,1.1046221254112046E-4)
(5823,1.1046221254112046E-4)
(6145,1.1046221254112046E-4)
(3120,1.1046221254112046E-4)
(7971,1.1046221254112046E-4)
(2710,1.0462212541120453E-5)
(7704,4.310197481020451E-6)
(1140,1.1046221254112046E-4)
(3263,1.1046221254112046E-4)
(947,1.1046221254112046E-4)
(6321,1.1046221254112046E-4)
(4349,1.1046221254112046E-4)
(3292,1.1046221254112046E-4)
(8198,1.1046221254112046E-4)
(7836,1.1046221254112046E-4)
(3128,1.1046221254112046E-4)
(2288,1.1046221254112046E-4)
(5009,9.462212541120453E-6)
(7924,1.1046221254112046E-4)
(9041,1.1046221254112046E-4)
(7528,1.1046221254112046E-4)
(6079,1.1046221254112046E-4)
(8507,7.432112541120452E-6)
(2596,1.1046221254112046E-4)
(6192,1.1046221254112046E-4)
(7898,1.1046221254112046E-4)
(6097,1.1046221254112046E-4)
(3674,1.1046221254112046E-4)
(7410,1.0462212541120453E-5)
(4495,1.1046221254112046E-4)
(9445,1.1046221254112046E-4)
(3726,1.1046221254112046E-4)
(2141,1.1046221254112046E-4)
(6596,1.1046221254112046E-4)
(6853,1.1046221254112046E-4)
(6680,1.1046221254112046E-4)
(3953,1.1046221254112046E-4)
(5959,1.1046221254112046E-4)
(1070,1.1046221254112046E-4)
(5283,1.1046221254112046E-4)
(4462,1.1046221254112046E-4)
(6871,1.1046221254112046E-4)
(1001,1.0936852726843613E-6)
(2875,1.1046221254112046E-4)
(1375,1.1046221254112046E-4)
(400,1.1046221254112046E-4)
(7692,1.1046221254112046E-4)
(2813,1.1046221254112046E-4)
(4646,1.1046221254112046E-4)
(918,1.1046221254112046E-4)
(4631,1.1046221254112046E-4)
(5948,1.1046221254112046E-4)
(6314,1.1046221254112046E-4)
(2307,7.432112541120452E-6)
(6028,1.1046221254112046E-4)
(7502,2.1765419783124415E-6)
(8899,1.1046221254112046E-4)
(1324,1.1046221254112046E-4)
(3630,1.1046221254112046E-4)
(5445,1.1046221254112046E-4)
(6732,1.1046221254112046E-4)
(9276,1.1046221254112046E-4)
(7788,1.1046221254112046E-4)
(1430,1.1046221254112046E-4)
(1636,1.1046221254112046E-4)
(6608,8.452212541120452E-6)
(6615,1.1046221254112046E-4)
(9573,1.1046221254112046E-4)
(1607,7.432112541120452E-6)
(9878,1.1046221254112046E-4)
(3652,1.1046221254112046E-4)
(9184,1.1046221254112046E-4)
(7308,8.452212541120452E-6)
(6266,1.1046221254112046E-4)
(1247,1.1046221254112046E-4)
(5108,8.452212541120452E-6)
(6992,1.1046221254112046E-4)
(8943,1.1046221254112046E-4)
(88,1.1046221254112046E-4)
(3274,1.1046221254112046E-4)
(3418,1.1046221254112046E-4)
(8099,1.1046221254112046E-4)
(4,4.310197481020451E-6)
(1012,1.1046221254112046E-4)
(8741,1.1046221254112046E-4)
(9074,1.1046221254112046E-4)
(9625,1.1046221254112046E-4)
(631,1.1046221254112046E-4)
(1379,1.1046221254112046E-4)
(5955,1.1046221254112046E-4)
(4305,5.3612075311204505E-6)
(5669,1.1046221254112046E-4)
(7535,1.1046221254112046E-4)
(8466,1.1046221254112046E-4)
(3656,1.1046221254112046E-4)
(1115,1.1046221254112046E-4)
(5438,1.1046221254112046E-4)
(7373,1.1046221254112046E-4)
(1980,1.1046221254112046E-4)
(7517,1.1046221254112046E-4)
(6039,1.1046221254112046E-4)
(712,1.1046221254112046E-4)
(594,1.1046221254112046E-4)
(2439,1.1046221254112046E-4)
(1339,1.1046221254112046E-4)
(2181,1.1046221254112046E-4)
(8213,1.1046221254112046E-4)
(8107,7.432112541120452E-6)
(4804,4.310197481020451E-6)
(6174,1.1046221254112046E-4)
(6365,1.1046221254112046E-4)
(756,1.1046221254112046E-4)
(2174,1.1046221254112046E-4)
(3410,1.0462212541120453E-5)
(5533,1.1046221254112046E-4)
(3850,1.1046221254112046E-4)
(2435,1.1046221254112046E-4)
(2592,1.1046221254112046E-4)
(3582,1.1046221254112046E-4)
(4073,1.1046221254112046E-4)
(7139,1.1046221254112046E-4)
(6552,1.1046221254112046E-4)
(6633,1.1046221254112046E-4)
(2523,1.1046221254112046E-4)
(7193,1.1046221254112046E-4)
(7942,1.1046221254112046E-4)
(7719,1.1046221254112046E-4)
(3175,1.1046221254112046E-4)
(7678,1.1046221254112046E-4)
(7546,1.1046221254112046E-4)
(9805,5.3612075311204505E-6)
(1221,1.1046221254112046E-4)
(5081,1.1046221254112046E-4)
(5768,1.1046221254112046E-4)
(859,1.1046221254112046E-4)
(3403,3.248677330419451E-6)
(9816,1.1046221254112046E-4)
(5210,1.0462212541120453E-5)
(1892,1.1046221254112046E-4)
(6329,1.1046221254112046E-4)
(9353,1.1046221254112046E-4)
(4947,1.1046221254112046E-4)
(2468,1.1046221254112046E-4)
(6343,1.1046221254112046E-4)
(7124,1.1046221254112046E-4)
(8628,1.1046221254112046E-4)
(958,1.1046221254112046E-4)
(1944,1.1046221254112046E-4)
(6464,1.1046221254112046E-4)
(6439,1.1046221254112046E-4)
(5782,1.1046221254112046E-4)
(363,1.1046221254112046E-4)
(8990,1.1046221254112046E-4)
(3612,1.1046221254112046E-4)
(6989,1.1046221254112046E-4)
(9812,1.1046221254112046E-4)
(3795,1.1046221254112046E-4)
(9063,1.1046221254112046E-4)
(4895,1.1046221254112046E-4)
(9838,1.1046221254112046E-4)
(907,7.432112541120452E-6)
(499,1.1046221254112046E-4)
(3917,1.1046221254112046E-4)
(4499,1.1046221254112046E-4)
(7061,1.1046221254112046E-4)
(3667,1.1046221254112046E-4)
(7348,1.1046221254112046E-4)
(1133,1.1046221254112046E-4)
(2963,1.1046221254112046E-4)
(8525,1.1046221254112046E-4)
(6332,1.1046221254112046E-4)
(9430,1.1046221254112046E-4)
(741,1.1046221254112046E-4)
(9339,1.1046221254112046E-4)
(2024,1.1046221254112046E-4)
(1908,8.452212541120452E-6)
(8433,1.1046221254112046E-4)
(8158,1.1046221254112046E-4)
(9104,4.310197481020451E-6)
(4411,1.1046221254112046E-4)
(1397,1.1046221254112046E-4)
(1078,1.1046221254112046E-4)
(6211,1.1046221254112046E-4)
(2079,1.1046221254112046E-4)
(3847,1.1046221254112046E-4)
(7175,1.1046221254112046E-4)
(6093,1.1046221254112046E-4)
(305,5.3612075311204505E-6)
(411,1.1046221254112046E-4)
(8796,1.1046221254112046E-4)
(4260,1.1046221254112046E-4)
(5728,1.1046221254112046E-4)
(5742,1.1046221254112046E-4)
(6336,1.1046221254112046E-4)
(7766,1.1046221254112046E-4)
(6501,1.0936852726843613E-6)
(4480,1.1046221254112046E-4)
(983,1.1046221254112046E-4)
(5654,1.1046221254112046E-4)
(6644,1.1046221254112046E-4)
(2787,1.1046221254112046E-4)
(6310,1.0462212541120453E-5)
(1225,1.1046221254112046E-4)
(1496,1.1046221254112046E-4)
(330,1.1046221254112046E-4)
(2945,1.1046221254112046E-4)
(9229,1.1046221254112046E-4)
(7946,1.1046221254112046E-4)
(1580,1.1046221254112046E-4)
(7762,1.1046221254112046E-4)
(2772,1.1046221254112046E-4)
(9548,1.1046221254112046E-4)
(9908,8.452212541120452E-6)
(8154,1.1046221254112046E-4)
(1016,1.1046221254112046E-4)
(5922,1.1046221254112046E-4)
(3517,1.1046221254112046E-4)
(9731,1.1046221254112046E-4)
(5382,1.1046221254112046E-4)
(8880,1.1046221254112046E-4)
(7858,1.1046221254112046E-4)
(9382,1.1046221254112046E-4)
(2794,1.1046221254112046E-4)
(1610,1.0462212541120453E-5)
(389,1.1046221254112046E-4)
(9456,1.1046221254112046E-4)
(338,1.1046221254112046E-4)
(2978,1.1046221254112046E-4)
(3157,1.1046221254112046E-4)
(8910,1.0462212541120453E-5)
(3777,1.1046221254112046E-4)
(1467,1.1046221254112046E-4)
(9672,1.1046221254112046E-4)
(4859,1.1046221254112046E-4)
(4312,1.1046221254112046E-4)
(9298,1.1046221254112046E-4)
(3858,1.1046221254112046E-4)
(8749,1.1046221254112046E-4)
(7759,1.1046221254112046E-4)
(1052,1.1046221254112046E-4)
(1041,1.1046221254112046E-4)
(1386,1.1046221254112046E-4)
(5155,1.1046221254112046E-4)
(6743,1.1046221254112046E-4)
(5610,1.0462212541120453E-5)
(6318,1.1046221254112046E-4)
(3605,5.3612075311204505E-6)
(2413,1.1046221254112046E-4)
(9067,1.1046221254112046E-4)
(7414,1.1046221254112046E-4)
(9180,1.1046221254112046E-4)
(3865,1.1046221254112046E-4)
(5515,1.1046221254112046E-4)
(6574,1.1046221254112046E-4)
(1199,1.1046221254112046E-4)
(2860,1.1046221254112046E-4)
(5827,1.1046221254112046E-4)
(4084,1.1046221254112046E-4)
(3931,1.1046221254112046E-4)
(2912,1.1046221254112046E-4)
(1900,1.1046221254112046E-4)
(1195,1.1046221254112046E-4)
(8770,1.1046221254112046E-4)
(705,5.3612075311204505E-6)
(2420,1.1046221254112046E-4)
(8950,1.1046221254112046E-4)
(2725,1.1046221254112046E-4)
(9742,1.1046221254112046E-4)
(6589,1.1046221254112046E-4)
(2295,1.1046221254112046E-4)
(4392,1.1046221254112046E-4)
(8617,1.1046221254112046E-4)
(8576,1.1046221254112046E-4)
(5386,1.1046221254112046E-4)
(3634,1.1046221254112046E-4)
(4352,1.1046221254112046E-4)
(2684,1.1046221254112046E-4)
(3304,4.310197481020451E-6)
(2417,1.1046221254112046E-4)
(3601,1.0936852726843613E-6)
(1306,6.401811541120451E-6)
(2714,1.1046221254112046E-4)
(3223,1.1046221254112046E-4)
(6020,1.1046221254112046E-4)
(5409,9.462212541120453E-6)
(969,1.1046221254112046E-4)
(5687,1.1046221254112046E-4)
(293,1.1046221254112046E-4)
(2299,1.1046221254112046E-4)
(990,1.1046221254112046E-4)
(6710,1.0462212541120453E-5)
(7986,1.1046221254112046E-4)
(4602,2.1765419783124415E-6)
(8969,1.1046221254112046E-4)
(1261,1.1046221254112046E-4)
(4022,1.1046221254112046E-4)
(40,1.1046221254112046E-4)
(9452,1.1046221254112046E-4)
(4345,1.1046221254112046E-4)
(3609,9.462212541120453E-6)
(1526,1.1046221254112046E-4)
(3528,1.1046221254112046E-4)
(5180,1.1046221254112046E-4)
(7337,1.1046221254112046E-4)
(5306,6.401811541120451E-6)
(480,1.1046221254112046E-4)
(6442,1.1046221254112046E-4)
(6758,1.1046221254112046E-4)
(6527,1.1046221254112046E-4)
(5371,1.1046221254112046E-4)
(8631,1.1046221254112046E-4)
(1258,1.1046221254112046E-4)
(2310,1.0462212541120453E-5)
(7872,1.1046221254112046E-4)
(4217,1.1046221254112046E-4)
(5085,1.1046221254112046E-4)
(9265,1.1046221254112046E-4)
(8422,1.1046221254112046E-4)
(2002,2.1765419783124415E-6)
(3825,1.1046221254112046E-4)
(161,1.1046221254112046E-4)
(3311,1.1046221254112046E-4)
(3883,1.1046221254112046E-4)
(4848,1.1046221254112046E-4)
(19,1.1046221254112046E-4)
(3993,1.1046221254112046E-4)
(2222,1.1046221254112046E-4)
(4529,1.1046221254112046E-4)
(9162,1.1046221254112046E-4)
(2482,1.1046221254112046E-4)
(3571,1.1046221254112046E-4)
(4800,1.1046221254112046E-4)
(3744,1.1046221254112046E-4)
(3960,1.1046221254112046E-4)
(4983,1.1046221254112046E-4)
(2354,1.1046221254112046E-4)
(6471,1.1046221254112046E-4)
(3832,1.1046221254112046E-4)
(6604,4.310197481020451E-6)
(525,1.1046221254112046E-4)
(9658,1.1046221254112046E-4)
(7748,1.1046221254112046E-4)
(1775,1.1046221254112046E-4)
(2552,1.1046221254112046E-4)
(8143,1.1046221254112046E-4)
(84,1.1046221254112046E-4)
(6208,8.452212541120452E-6)
(1081,1.1046221254112046E-4)
(5870,1.1046221254112046E-4)
(1500,1.1046221254112046E-4)
(415,1.1046221254112046E-4)
(5911,1.1046221254112046E-4)
(6280,1.1046221254112046E-4)
(4781,1.1046221254112046E-4)
(5331,1.1046221254112046E-4)
(954,1.1046221254112046E-4)
(1452,1.1046221254112046E-4)
(9078,1.1046221254112046E-4)
(3689,1.1046221254112046E-4)
(3616,1.1046221254112046E-4)
(4815,1.1046221254112046E-4)
(6295,1.1046221254112046E-4)
(9533,1.1046221254112046E-4)
(9306,6.401811541120451E-6)
(147,1.1046221254112046E-4)
(2006,6.401811541120451E-6)
(3029,1.1046221254112046E-4)
(1173,1.1046221254112046E-4)
(7807,7.432112541120452E-6)
(5184,1.1046221254112046E-4)
(9856,1.1046221254112046E-4)
(5254,1.1046221254112046E-4)
(1955,1.1046221254112046E-4)
(2035,1.1046221254112046E-4)
(2189,1.1046221254112046E-4)
(3083,1.1046221254112046E-4)
(4396,1.1046221254112046E-4)
(5441,1.1046221254112046E-4)
(9481,1.1046221254112046E-4)
(8330,1.1046221254112046E-4)
(491,1.1046221254112046E-4)
(9287,1.1046221254112046E-4)
(7058,1.1046221254112046E-4)
(7953,1.1046221254112046E-4)
(6325,1.1046221254112046E-4)
(1470,1.1046221254112046E-4)
(1519,1.1046221254112046E-4)
(7689,1.1046221254112046E-4)
(9137,1.1046221254112046E-4)
(1214,1.1046221254112046E-4)
(2534,1.1046221254112046E-4)
(1515,1.1046221254112046E-4)
(2927,1.1046221254112046E-4)
(1881,1.1046221254112046E-4)
(5287,1.1046221254112046E-4)
(3209,9.462212541120453E-6)
(862,1.1046221254112046E-4)
(4954,1.1046221254112046E-4)
(1632,1.1046221254112046E-4)
(3722,1.1046221254112046E-4)
(3391,1.1046221254112046E-4)
(9676,1.1046221254112046E-4)
(9823,1.1046221254112046E-4)
(3333,1.1046221254112046E-4)
(6138,1.1046221254112046E-4)
(6893,1.1046221254112046E-4)
(8558,1.1046221254112046E-4)
(187,1.1046221254112046E-4)
(1405,5.3612075311204505E-6)
(5467,1.1046221254112046E-4)
(9841,1.1046221254112046E-4)
(6923,1.1046221254112046E-4)
(9272,1.1046221254112046E-4)
(9966,1.1046221254112046E-4)
(8620,1.1046221254112046E-4)
(5100,1.1046221254112046E-4)
(1269,1.1046221254112046E-4)
(1357,1.1046221254112046E-4)
(851,1.1046221254112046E-4)
(3982,1.1046221254112046E-4)
(235,1.1046221254112046E-4)
(8961,1.1046221254112046E-4)
(5658,1.1046221254112046E-4)
(7520,1.1046221254112046E-4)
(2721,1.1046221254112046E-4)
(6185,1.1046221254112046E-4)
(9195,1.1046221254112046E-4)
(4921,1.1046221254112046E-4)
(9537,1.1046221254112046E-4)
(8859,1.1046221254112046E-4)
(8448,1.1046221254112046E-4)
(8389,1.1046221254112046E-4)
(7663,1.1046221254112046E-4)
(4213,1.1046221254112046E-4)
(2123,1.1046221254112046E-4)
(4282,1.1046221254112046E-4)
(2729,1.1046221254112046E-4)
(7131,1.1046221254112046E-4)
(3043,1.1046221254112046E-4)
(3810,1.0462212541120453E-5)
(7821,1.1046221254112046E-4)
(8297,1.1046221254112046E-4)
(2585,1.1046221254112046E-4)
(6082,1.1046221254112046E-4)
(770,1.1046221254112046E-4)
(2406,6.401811541120451E-6)
(2695,1.1046221254112046E-4)
(8022,1.1046221254112046E-4)
(6288,1.1046221254112046E-4)
(9870,1.1046221254112046E-4)
(2082,1.1046221254112046E-4)
(2754,1.1046221254112046E-4)
(8426,1.1046221254112046E-4)
(7069,1.1046221254112046E-4)
(3814,1.1046221254112046E-4)
(2240,1.1046221254112046E-4)
(2831,1.1046221254112046E-4)
(5717,1.1046221254112046E-4)
(7399,1.1046221254112046E-4)
(3560,1.1046221254112046E-4)
(6963,1.1046221254112046E-4)
(9207,7.432112541120452E-6)
(1852,1.1046221254112046E-4)
(7560,1.1046221254112046E-4)
(8738,1.1046221254112046E-4)
(3843,1.1046221254112046E-4)
(5694,1.1046221254112046E-4)
(9122,1.1046221254112046E-4)
(5764,1.1046221254112046E-4)
(9232,1.1046221254112046E-4)
(4972,1.1046221254112046E-4)
(282,1.1046221254112046E-4)
(3524,1.1046221254112046E-4)
(426,1.1046221254112046E-4)
(5834,1.1046221254112046E-4)
(6215,1.1046221254112046E-4)
(2017,1.1046221254112046E-4)
(190,1.1046221254112046E-4)
(1290,1.1046221254112046E-4)
(5023,1.1046221254112046E-4)
(7843,1.1046221254112046E-4)
(9441,1.1046221254112046E-4)
(664,1.1046221254112046E-4)
(301,1.0936852726843613E-6)
(1647,1.1046221254112046E-4)
(2064,1.1046221254112046E-4)
(5045,1.1046221254112046E-4)
(2208,8.452212541120452E-6)
(3829,1.1046221254112046E-4)
(6718,1.1046221254112046E-4)
(6354,1.1046221254112046E-4)
(8866,1.1046221254112046E-4)
(9555,1.1046221254112046E-4)
(9258,1.1046221254112046E-4)
(9926,1.1046221254112046E-4)
(4323,1.1046221254112046E-4)
(9827,1.1046221254112046E-4)
(503,3.248677330419451E-6)
(7513,1.1046221254112046E-4)
(1643,1.1046221254112046E-4)
(9874,1.1046221254112046E-4)
(2662,1.1046221254112046E-4)
(1085,1.1046221254112046E-4)
(8682,1.1046221254112046E-4)
(2952,1.1046221254112046E-4)
(3146,1.1046221254112046E-4)
(815,1.1046221254112046E-4)
(3171,1.1046221254112046E-4)
(5926,1.1046221254112046E-4)
(5540,1.1046221254112046E-4)
(8554,1.1046221254112046E-4)
(6398,1.1046221254112046E-4)
(7032,1.1046221254112046E-4)
(6673,1.1046221254112046E-4)
(1827,1.1046221254112046E-4)
(3432,1.1046221254112046E-4)
(3964,1.1046221254112046E-4)
(4837,1.1046221254112046E-4)
(4880,1.1046221254112046E-4)
(8701,1.0936852726843613E-6)
(3256,1.1046221254112046E-4)
(2149,1.1046221254112046E-4)
(1669,1.1046221254112046E-4)
(448,1.1046221254112046E-4)
(5618,1.1046221254112046E-4)
(6112,1.1046221254112046E-4)
(7241,1.1046221254112046E-4)
(7362,1.1046221254112046E-4)
(5324,1.1046221254112046E-4)
(8183,1.1046221254112046E-4)
(2626,1.1046221254112046E-4)
(477,1.1046221254112046E-4)
(1416,1.1046221254112046E-4)
(8873,1.1046221254112046E-4)
(6109,9.462212541120453E-6)
(1320,1.1046221254112046E-4)
(9016,1.1046221254112046E-4)
(125,1.1046221254112046E-4)
(3014,1.1046221254112046E-4)
(2839,1.1046221254112046E-4)
(6181,1.1046221254112046E-4)
(4918,1.1046221254112046E-4)
(2916,1.1046221254112046E-4)
(1335,1.1046221254112046E-4)
(2871,1.1046221254112046E-4)
(8473,1.1046221254112046E-4)
(9647,1.1046221254112046E-4)
(4642,1.1046221254112046E-4)
(2956,1.1046221254112046E-4)
(4426,1.1046221254112046E-4)
(7072,1.1046221254112046E-4)
(5485,1.1046221254112046E-4)
(5614,1.1046221254112046E-4)
(9221,1.1046221254112046E-4)
(7593,1.1046221254112046E-4)
(6707,7.432112541120452E-6)
(2974,1.1046221254112046E-4)
(4154,1.1046221254112046E-4)
(6538,1.1046221254112046E-4)
(3986,1.1046221254112046E-4)
(6105,5.3612075311204505E-6)
(6699,1.1046221254112046E-4)
(3920,1.1046221254112046E-4)
(9885,1.1046221254112046E-4)
(4914,1.1046221254112046E-4)
(3322,1.1046221254112046E-4)
(2879,1.1046221254112046E-4)
(7890,1.1046221254112046E-4)
(1991,1.1046221254112046E-4)
(6662,1.1046221254112046E-4)
(8136,1.1046221254112046E-4)
(613,1.1046221254112046E-4)
(9951,1.1046221254112046E-4)
(4158,1.1046221254112046E-4)
(3205,5.3612075311204505E-6)
(2651,1.1046221254112046E-4)
(2758,1.1046221254112046E-4)
(9661,1.1046221254112046E-4)
(9683,1.1046221254112046E-4)
(1739,1.1046221254112046E-4)
(808,8.452212541120452E-6)
(4415,1.1046221254112046E-4)
(2127,1.1046221254112046E-4)
(1618,1.1046221254112046E-4)
(4202,2.1765419783124415E-6)
(4484,1.1046221254112046E-4)
(6905,5.3612075311204505E-6)
(826,1.1046221254112046E-4)
(1159,1.1046221254112046E-4)
(4778,1.1046221254112046E-4)
(4095,1.1046221254112046E-4)
(8392,1.1046221254112046E-4)
(7894,1.1046221254112046E-4)
(3942,1.1046221254112046E-4)
(9599,1.1046221254112046E-4)
(1823,1.1046221254112046E-4)
(6479,1.1046221254112046E-4)
(7685,1.1046221254112046E-4)
(6222,1.1046221254112046E-4)
(206,6.401811541120451E-6)
(2882,1.1046221254112046E-4)
(2204,4.310197481020451E-6)
(5665,1.1046221254112046E-4)
(8095,1.1046221254112046E-4)
(4866,1.1046221254112046E-4)
(3384,1.1046221254112046E-4)
(5566,1.1046221254112046E-4)
(8147,1.1046221254112046E-4)
(3193,1.1046221254112046E-4)
(4877,1.1046221254112046E-4)
(9294,1.1046221254112046E-4)
(943,1.1046221254112046E-4)
(7319,1.1046221254112046E-4)
(9126,1.1046221254112046E-4)
(877,1.1046221254112046E-4)
(2219,1.1046221254112046E-4)
(7270,1.1046221254112046E-4)
(9269,1.1046221254112046E-4)
(9933,1.1046221254112046E-4)
(9023,1.1046221254112046E-4)
(8936,1.1046221254112046E-4)
(3700,1.1046221254112046E-4)
(3975,1.1046221254112046E-4)
(3380,1.1046221254112046E-4)
(1717,1.1046221254112046E-4)
(4723,1.1046221254112046E-4)
(6042,1.1046221254112046E-4)
(8217,1.1046221254112046E-4)
(6729,1.1046221254112046E-4)
(5702,2.1765419783124415E-6)
(5162,1.1046221254112046E-4)
(4008,8.452212541120452E-6)
(2109,9.462212541120453E-6)
(4455,1.1046221254112046E-4)
(2736,1.1046221254112046E-4)
(2361,1.1046221254112046E-4)
(6666,1.1046221254112046E-4)
(602,2.1765419783124415E-6)
(4734,1.1046221254112046E-4)
(6017,1.1046221254112046E-4)
(8987,1.1046221254112046E-4)
(1849,1.1046221254112046E-4)
(6291,1.1046221254112046E-4)
(8778,1.1046221254112046E-4)
(9467,1.1046221254112046E-4)
(8125,1.1046221254112046E-4)
(4910,1.0462212541120453E-5)
(6736,1.1046221254112046E-4)
(8363,1.1046221254112046E-4)
(8367,1.1046221254112046E-4)
(521,1.1046221254112046E-4)
(2244,1.1046221254112046E-4)
(8004,4.310197481020451E-6)
(9188,1.1046221254112046E-4)
(3861,1.1046221254112046E-4)
(4554,1.1046221254112046E-4)
(3733,1.1046221254112046E-4)
(4873,1.1046221254112046E-4)
(529,1.1046221254112046E-4)
(2431,1.1046221254112046E-4)
(3362,1.1046221254112046E-4)
(9728,1.1046221254112046E-4)
(8767,1.1046221254112046E-4)
(4565,1.1046221254112046E-4)
(4693,1.1046221254112046E-4)
(9973,1.1046221254112046E-4)
(2046,1.1046221254112046E-4)
(1030,1.1046221254112046E-4)
(4000,1.1046221254112046E-4)
(5845,1.1046221254112046E-4)
(4257,1.1046221254112046E-4)
(510,1.0462212541120453E-5)
(4066,1.1046221254112046E-4)
(1603,3.248677330419451E-6)
(3366,1.1046221254112046E-4)
(5548,1.1046221254112046E-4)
(309,9.462212541120453E-6)
(8664,1.1046221254112046E-4)
(8921,1.1046221254112046E-4)
(5063,1.1046221254112046E-4)
(1218,1.1046221254112046E-4)
(9027,1.1046221254112046E-4)
(3201,1.0936852726843613E-6)
(6431,1.1046221254112046E-4)
(4907,7.432112541120452E-6)
(8727,1.1046221254112046E-4)
(9489,1.1046221254112046E-4)
(3267,1.1046221254112046E-4)
(8785,1.1046221254112046E-4)
(198,1.1046221254112046E-4)
(1768,1.1046221254112046E-4)
(5867,1.1046221254112046E-4)
(4374,1.1046221254112046E-4)
(8642,1.1046221254112046E-4)
(9849,1.1046221254112046E-4)
(4682,1.1046221254112046E-4)
(6857,1.1046221254112046E-4)
(5492,1.1046221254112046E-4)
(8437,1.1046221254112046E-4)
(598,1.1046221254112046E-4)
(228,1.1046221254112046E-4)
(727,1.1046221254112046E-4)
(1511,1.1046221254112046E-4)
(1805,5.3612075311204505E-6)
(1294,1.1046221254112046E-4)
(2442,1.1046221254112046E-4)
(5511,1.1046221254112046E-4)
(2857,1.1046221254112046E-4)
(4745,1.1046221254112046E-4)
(5973,1.1046221254112046E-4)
(8653,1.1046221254112046E-4)
(8059,1.1046221254112046E-4)
(2486,1.1046221254112046E-4)
(7832,1.1046221254112046E-4)
(8132,1.1046221254112046E-4)
(8686,1.1046221254112046E-4)
(7616,1.1046221254112046E-4)
(9092,1.1046221254112046E-4)
(6358,1.1046221254112046E-4)
(7304,4.310197481020451E-6)
(3670,1.1046221254112046E-4)
(2688,1.1046221254112046E-4)
(3641,1.1046221254112046E-4)
(752,1.1046221254112046E-4)
(8309,9.462212541120453E-6)
(8716,1.1046221254112046E-4)
(1438,1.1046221254112046E-4)
(1676,1.1046221254112046E-4)
(2600,1.1046221254112046E-4)
(2237,1.1046221254112046E-4)
(4822,1.1046221254112046E-4)
(5812,1.1046221254112046E-4)
(3087,1.1046221254112046E-4)
(5937,1.1046221254112046E-4)
(4620,1.1046221254112046E-4)
(7579,1.1046221254112046E-4)
(1966,1.1046221254112046E-4)
(2471,1.1046221254112046E-4)
(2336,1.1046221254112046E-4)
(6970,1.1046221254112046E-4)
(961,1.1046221254112046E-4)
(7641,1.1046221254112046E-4)
(9191,1.1046221254112046E-4)
(1111,1.1046221254112046E-4)
(1144,1.1046221254112046E-4)
(8150,1.1046221254112046E-4)
(1203,3.248677330419451E-6)
(1155,1.1046221254112046E-4)
(6820,1.1046221254112046E-4)
(4404,4.310197481020451E-6)
(9485,1.1046221254112046E-4)
(8848,1.1046221254112046E-4)
(3579,1.1046221254112046E-4)
(873,1.1046221254112046E-4)
(804,4.310197481020451E-6)
(4990,1.1046221254112046E-4)
(6938,1.1046221254112046E-4)
(8547,1.1046221254112046E-4)
(2930,1.1046221254112046E-4)
(9852,1.1046221254112046E-4)
(408,8.452212541120452E-6)
(3751,1.1046221254112046E-4)
(5191,1.1046221254112046E-4)
(437,1.1046221254112046E-4)
(5481,1.1046221254112046E-4)
(8833,1.1046221254112046E-4)
(9203,3.248677330419451E-6)
(5801,1.0936852726843613E-6)
(8129,1.1046221254112046E-4)
(3913,1.1046221254112046E-4)
(6981,1.1046221254112046E-4)
(1995,1.1046221254112046E-4)
(5995,1.1046221254112046E-4)
(2215,1.1046221254112046E-4)
(4789,1.1046221254112046E-4)
(1937,1.1046221254112046E-4)
(5416,1.1046221254112046E-4)
(6237,1.1046221254112046E-4)
(5852,1.1046221254112046E-4)
(4738,1.1046221254112046E-4)
(5232,1.1046221254112046E-4)
(9070,1.1046221254112046E-4)
(7458,1.1046221254112046E-4)
(6303,3.248677330419451E-6)
(1162,1.1046221254112046E-4)
(6534,1.1046221254112046E-4)
(8091,1.1046221254112046E-4)
(5478,1.1046221254112046E-4)
(2251,1.1046221254112046E-4)
(9140,1.1046221254112046E-4)
(6648,1.1046221254112046E-4)
(4521,1.1046221254112046E-4)
(9904,4.310197481020451E-6)
(9629,1.1046221254112046E-4)
(6794,1.1046221254112046E-4)
(1331,1.1046221254112046E-4)
(4660,1.1046221254112046E-4)
(5313,1.1046221254112046E-4)
(9030,1.1046221254112046E-4)
(7715,1.1046221254112046E-4)
(1771,1.1046221254112046E-4)
(701,1.0936852726843613E-6)
(4808,8.452212541120452E-6)
(2383,1.1046221254112046E-4)
(4716,1.1046221254112046E-4)
(2761,1.1046221254112046E-4)
(7391,1.1046221254112046E-4)
(6152,1.1046221254112046E-4)
(6581,1.1046221254112046E-4)
(136,1.1046221254112046E-4)
(8895,1.1046221254112046E-4)
(8349,1.1046221254112046E-4)
(9049,1.1046221254112046E-4)
(1023,1.1046221254112046E-4)
(4136,1.1046221254112046E-4)
(5793,1.1046221254112046E-4)
(4183,1.1046221254112046E-4)
(7997,1.1046221254112046E-4)
(7906,6.401811541120451E-6)
(7436,1.1046221254112046E-4)
(2387,1.1046221254112046E-4)
(7553,1.1046221254112046E-4)
(1573,1.1046221254112046E-4)
(5456,1.1046221254112046E-4)
(2134,1.1046221254112046E-4)
(5247,1.1046221254112046E-4)
(7601,1.0936852726843613E-6)
(7230,1.1046221254112046E-4)
(224,1.1046221254112046E-4)
(4271,1.1046221254112046E-4)
(1838,1.1046221254112046E-4)
(2255,1.1046221254112046E-4)
(2170,1.1046221254112046E-4)
(2291,1.1046221254112046E-4)
(2343,1.1046221254112046E-4)
(7168,1.1046221254112046E-4)
(7351,1.1046221254112046E-4)
(1760,1.1046221254112046E-4)
(4767,1.1046221254112046E-4)
(3061,1.1046221254112046E-4)
(7605,5.3612075311204505E-6)
(9500,1.1046221254112046E-4)
(3245,1.1046221254112046E-4)
(3010,1.0462212541120453E-5)
(3131,1.1046221254112046E-4)
(9515,1.1046221254112046E-4)
(9218,1.1046221254112046E-4)
(4080,1.1046221254112046E-4)
(1423,1.1046221254112046E-4)
(9654,1.1046221254112046E-4)
(2262,1.1046221254112046E-4)
(3102,2.1765419783124415E-6)
(3780,1.1046221254112046E-4)
(1830,1.1046221254112046E-4)
(8657,1.1046221254112046E-4)
(4143,1.1046221254112046E-4)
(2325,1.1046221254112046E-4)
(4709,9.462212541120453E-6)
(4811,1.1046221254112046E-4)
(1786,1.1046221254112046E-4)
(8891,1.1046221254112046E-4)
(9214,1.1046221254112046E-4)
(8312,1.1046221254112046E-4)
(620,1.1046221254112046E-4)
(6897,1.1046221254112046E-4)
(392,1.1046221254112046E-4)
(8316,1.1046221254112046E-4)
(8712,1.1046221254112046E-4)
(2248,1.1046221254112046E-4)
(5434,1.1046221254112046E-4)
(4121,1.1046221254112046E-4)
(3928,1.1046221254112046E-4)
(9562,1.1046221254112046E-4)
(80,1.1046221254112046E-4)
(2516,1.1046221254112046E-4)
(3160,1.1046221254112046E-4)
(9793,1.1046221254112046E-4)
(1412,1.1046221254112046E-4)
(455,1.1046221254112046E-4)
(4190,1.1046221254112046E-4)
(8756,1.1046221254112046E-4)
(3340,1.1046221254112046E-4)
(8815,1.1046221254112046E-4)
(8190,1.1046221254112046E-4)
(7799,1.1046221254112046E-4)
(327,1.1046221254112046E-4)
(7993,1.1046221254112046E-4)
(3281,1.1046221254112046E-4)
(3645,1.1046221254112046E-4)
(6886,1.1046221254112046E-4)
(5070,1.1046221254112046E-4)
(5724,1.1046221254112046E-4)
(6640,1.1046221254112046E-4)
(811,1.1046221254112046E-4)
(8381,1.1046221254112046E-4)
(5731,1.1046221254112046E-4)
(6167,1.1046221254112046E-4)
(536,1.1046221254112046E-4)
(2226,1.1046221254112046E-4)
(8385,1.1046221254112046E-4)
(8709,9.462212541120453E-6)
(5980,1.1046221254112046E-4)
(77,1.1046221254112046E-4)
(260,1.1046221254112046E-4)
(2178,1.1046221254112046E-4)
(5580,1.1046221254112046E-4)
(9034,1.1046221254112046E-4)
(5038,1.1046221254112046E-4)
(1063,1.1046221254112046E-4)
(3135,1.1046221254112046E-4)
(6806,6.401811541120451E-6)
(4099,1.1046221254112046E-4)
(1595,1.1046221254112046E-4)
(7205,5.3612075311204505E-6)
(385,1.1046221254112046E-4)
(925,1.1046221254112046E-4)
(4370,1.1046221254112046E-4)
(2905,5.3612075311204505E-6)
(3737,1.1046221254112046E-4)
(5757,1.1046221254112046E-4)
(7227,1.1046221254112046E-4)
(7630,1.1046221254112046E-4)
(7380,1.1046221254112046E-4)
(6570,1.1046221254112046E-4)
(5500,1.1046221254112046E-4)
(3539,1.1046221254112046E-4)
(5148,1.1046221254112046E-4)
(514,1.1046221254112046E-4)
(1746,1.1046221254112046E-4)
(3520,1.1046221254112046E-4)
(4242,1.1046221254112046E-4)
(1757,1.1046221254112046E-4)
(9830,1.1046221254112046E-4)
(51,1.1046221254112046E-4)
(2233,1.1046221254112046E-4)
(9250,1.1046221254112046E-4)
(5243,1.1046221254112046E-4)
(6482,1.1046221254112046E-4)
(4194,1.1046221254112046E-4)
(4220,1.1046221254112046E-4)
(9357,1.1046221254112046E-4)
(3887,1.1046221254112046E-4)
(5449,1.1046221254112046E-4)
(6765,1.1046221254112046E-4)
(9584,1.1046221254112046E-4)
(7340,1.1046221254112046E-4)
(4107,7.432112541120452E-6)
(6130,1.1046221254112046E-4)
(2949,1.1046221254112046E-4)
(7649,1.1046221254112046E-4)
(2790,1.1046221254112046E-4)
(2718,1.1046221254112046E-4)
(8675,1.1046221254112046E-4)
(4132,1.1046221254112046E-4)
(1698,1.1046221254112046E-4)
(5115,1.1046221254112046E-4)
(6787,1.1046221254112046E-4)
(6390,1.1046221254112046E-4)
(6996,1.1046221254112046E-4)
(451,1.1046221254112046E-4)
(7135,1.1046221254112046E-4)
(7443,1.1046221254112046E-4)
(5881,1.1046221254112046E-4)
(3139,1.1046221254112046E-4)
(4770,1.1046221254112046E-4)
(118,1.1046221254112046E-4)
(7333,1.1046221254112046E-4)
(1856,1.1046221254112046E-4)
(547,1.1046221254112046E-4)
(5526,1.1046221254112046E-4)
(1650,1.1046221254112046E-4)
(8253,1.1046221254112046E-4)
(5625,1.1046221254112046E-4)
(5771,1.1046221254112046E-4)
(8161,1.1046221254112046E-4)
(833,1.1046221254112046E-4)
(1229,1.1046221254112046E-4)
(7667,1.1046221254112046E-4)
(154,1.1046221254112046E-4)
(7539,1.1046221254112046E-4)
(8257,1.1046221254112046E-4)
(8341,1.1046221254112046E-4)
(1801,1.0936852726843613E-6)
(866,1.1046221254112046E-4)
(2086,1.1046221254112046E-4)
(7876,1.1046221254112046E-4)
(1287,1.1046221254112046E-4)
(3715,1.1046221254112046E-4)
(3502,2.1765419783124415E-6)
(8903,3.248677330419451E-6)
(569,1.1046221254112046E-4)
(745,1.1046221254112046E-4)
(2013,1.1046221254112046E-4)
(4525,1.1046221254112046E-4)
(8323,1.1046221254112046E-4)
(5650,1.1046221254112046E-4)
(3090,1.1046221254112046E-4)
(9650,1.1046221254112046E-4)
(5221,1.1046221254112046E-4)
(6497,1.1046221254112046E-4)
(4932,1.1046221254112046E-4)
(5463,1.1046221254112046E-4)
(6714,1.1046221254112046E-4)
(1096,1.1046221254112046E-4)
(4785,1.1046221254112046E-4)
(7403,3.248677330419451E-6)
(6677,1.1046221254112046E-4)
(9595,1.1046221254112046E-4)
(1896,1.1046221254112046E-4)
(1368,1.1046221254112046E-4)
(3696,1.1046221254112046E-4)
(5346,1.1046221254112046E-4)
(3487,1.1046221254112046E-4)
(9937,1.1046221254112046E-4)
(2068,1.1046221254112046E-4)
(7597,1.1046221254112046E-4)
(4246,1.1046221254112046E-4)
(7869,1.1046221254112046E-4)
(4576,1.1046221254112046E-4)
(2266,1.1046221254112046E-4)
(3872,1.1046221254112046E-4)
(6772,1.1046221254112046E-4)
(5140,1.1046221254112046E-4)
(7498,1.1046221254112046E-4)
(8789,1.1046221254112046E-4)
(9133,1.1046221254112046E-4)
(26,1.1046221254112046E-4)
(6031,1.1046221254112046E-4)
(6703,3.248677330419451E-6)
(1100,1.1046221254112046E-4)
(5364,1.1046221254112046E-4)
(3241,1.1046221254112046E-4)
(7164,1.1046221254112046E-4)
(2886,1.1046221254112046E-4)
(1533,1.1046221254112046E-4)
(2677,1.1046221254112046E-4)
(9397,1.1046221254112046E-4)
(558,1.1046221254112046E-4)
(7421,1.1046221254112046E-4)
(316,1.1046221254112046E-4)
(7171,1.1046221254112046E-4)
(7656,1.1046221254112046E-4)
(1713,1.1046221254112046E-4)
(4518,1.1046221254112046E-4)
(9702,2.1765419783124415E-6)
(2130,1.1046221254112046E-4)
(3924,1.1046221254112046E-4)
(5122,1.1046221254112046E-4)
(5452,1.1046221254112046E-4)
(5874,1.1046221254112046E-4)
(3935,1.1046221254112046E-4)
(4987,1.1046221254112046E-4)
(7160,1.1046221254112046E-4)
(1272,1.1046221254112046E-4)
(3818,1.1046221254112046E-4)
(2622,1.1046221254112046E-4)
(5988,1.1046221254112046E-4)
(8929,1.1046221254112046E-4)
(6798,1.1046221254112046E-4)
(2967,1.1046221254112046E-4)
(4639,1.1046221254112046E-4)
(1191,1.1046221254112046E-4)
(8051,1.1046221254112046E-4)
(1702,2.1765419783124415E-6)
(1672,1.1046221254112046E-4)
(1009,9.462212541120453E-6)
(2116,1.1046221254112046E-4)
(9386,1.1046221254112046E-4)
(3586,1.1046221254112046E-4)
(7920,1.1046221254112046E-4)
(6468,1.1046221254112046E-4)
(5188,1.1046221254112046E-4)
(7964,1.1046221254112046E-4)
(8781,1.1046221254112046E-4)
(716,1.1046221254112046E-4)
(9089,1.1046221254112046E-4)
(7212,1.1046221254112046E-4)
(440,1.1046221254112046E-4)
(5166,1.1046221254112046E-4)
(4507,7.432112541120452E-6)
(4583,1.1046221254112046E-4)
(2280,1.1046221254112046E-4)
(9580,1.1046221254112046E-4)
(8370,1.1046221254112046E-4)
(565,1.1046221254112046E-4)
(9698,1.1046221254112046E-4)
(143,1.1046221254112046E-4)
(2075,1.1046221254112046E-4)
(8415,1.1046221254112046E-4)
(7245,1.1046221254112046E-4)
(682,1.1046221254112046E-4)
(5753,1.1046221254112046E-4)
(2512,1.1046221254112046E-4)
(3784,1.1046221254112046E-4)
(5889,1.1046221254112046E-4)
(1401,1.0936852726843613E-6)
(1599,1.1046221254112046E-4)
(1870,1.1046221254112046E-4)
(3906,6.401811541120451E-6)
(5984,1.1046221254112046E-4)
(8730,1.1046221254112046E-4)
(8231,1.1046221254112046E-4)
(2589,1.1046221254112046E-4)
(6424,1.1046221254112046E-4)
(6875,1.1046221254112046E-4)
(6974,1.1046221254112046E-4)
(8811,1.1046221254112046E-4)
(8646,1.1046221254112046E-4)
(3450,1.1046221254112046E-4)
(837,1.1046221254112046E-4)
(6691,1.1046221254112046E-4)
(998,1.1046221254112046E-4)
(1867,1.1046221254112046E-4)
(7326,1.1046221254112046E-4)
(3894,1.1046221254112046E-4)
(9119,1.1046221254112046E-4)
(3557,1.1046221254112046E-4)
(9393,1.1046221254112046E-4)
(1180,1.1046221254112046E-4)
(5067,1.1046221254112046E-4)
(114,1.1046221254112046E-4)
(3869,1.1046221254112046E-4)
(3979,1.1046221254112046E-4)
(2031,1.1046221254112046E-4)
(3036,1.1046221254112046E-4)
(2897,1.1046221254112046E-4)
(1863,1.1046221254112046E-4)
(1148,1.1046221254112046E-4)
(1119,1.1046221254112046E-4)
(2707,7.432112541120452E-6)
(1816,1.1046221254112046E-4)
(5621,1.1046221254112046E-4)
(8965,1.1046221254112046E-4)
(9618,1.1046221254112046E-4)
(7751,1.1046221254112046E-4)
(4316,1.1046221254112046E-4)
(6101,1.0936852726843613E-6)
(62,1.1046221254112046E-4)
(1184,1.1046221254112046E-4)
(1625,1.1046221254112046E-4)
(1566,1.1046221254112046E-4)
(5119,1.1046221254112046E-4)
(6413,1.1046221254112046E-4)
(734,1.1046221254112046E-4)
(2637,1.1046221254112046E-4)
(7645,1.1046221254112046E-4)
(7652,1.1046221254112046E-4)
(3454,1.1046221254112046E-4)
(9504,4.310197481020451E-6)
(279,1.1046221254112046E-4)
(6387,1.1046221254112046E-4)
(5034,1.1046221254112046E-4)
(3506,6.401811541120451E-6)
(3939,1.1046221254112046E-4)
(2167,1.1046221254112046E-4)
(2303,3.248677330419451E-6)
(6721,1.1046221254112046E-4)
(8561,1.1046221254112046E-4)
(2581,1.1046221254112046E-4)
(774,1.1046221254112046E-4)
(9012,1.1046221254112046E-4)
(7047,1.1046221254112046E-4)
(8220,1.1046221254112046E-4)
(7810,1.0462212541120453E-5)
(9470,1.1046221254112046E-4)
(1122,1.1046221254112046E-4)
(7388,1.1046221254112046E-4)
(2509,9.462212541120453E-6)
(9115,1.1046221254112046E-4)
(5672,1.1046221254112046E-4)
(8026,1.1046221254112046E-4)
(4705,5.3612075311204505E-6)
(8877,1.1046221254112046E-4)
(9724,1.1046221254112046E-4)
(3443,1.1046221254112046E-4)
(9962,1.1046221254112046E-4)
(550,1.1046221254112046E-4)
(3227,1.1046221254112046E-4)
(5290,1.1046221254112046E-4)
(3216,1.1046221254112046E-4)
(6204,4.310197481020451E-6)
(3971,1.1046221254112046E-4)
(4400,1.1046221254112046E-4)
(7564,1.1046221254112046E-4)
(6170,1.1046221254112046E-4)
(3414,1.1046221254112046E-4)
(3898,1.1046221254112046E-4)
(9739,1.1046221254112046E-4)
(6585,1.1046221254112046E-4)
(4950,1.1046221254112046E-4)
(639,1.1046221254112046E-4)
(888,1.1046221254112046E-4)
(4356,1.1046221254112046E-4)
(4635,1.1046221254112046E-4)
(6695,1.1046221254112046E-4)
(6927,1.1046221254112046E-4)
(5030,1.1046221254112046E-4)
(444,1.1046221254112046E-4)
(1434,1.1046221254112046E-4)
(8888,1.1046221254112046E-4)
(855,1.1046221254112046E-4)
(2428,1.1046221254112046E-4)
(6071,1.1046221254112046E-4)
(9544,1.1046221254112046E-4)
(8499,1.1046221254112046E-4)
(1283,1.1046221254112046E-4)
(1782,1.1046221254112046E-4)
(2824,1.1046221254112046E-4)
(2703,3.248677330419451E-6)
(2570,1.1046221254112046E-4)
(7722,1.1046221254112046E-4)
(8110,1.0462212541120453E-5)
(6196,1.1046221254112046E-4)
(4040,1.1046221254112046E-4)
(6383,1.1046221254112046E-4)
(8840,1.1046221254112046E-4)
(9199,1.1046221254112046E-4)
(396,1.1046221254112046E-4)
(2644,1.1046221254112046E-4)
(7090,1.1046221254112046E-4)
(5544,1.1046221254112046E-4)
(9768,1.1046221254112046E-4)
(9519,1.1046221254112046E-4)
(172,1.1046221254112046E-4)
(686,1.1046221254112046E-4)
(7982,1.1046221254112046E-4)
(5896,1.1046221254112046E-4)
(3461,1.1046221254112046E-4)
(6006,6.401811541120451E-6)
(7506,6.401811541120451E-6)
(2446,1.1046221254112046E-4)
(5225,1.1046221254112046E-4)
(572,1.1046221254112046E-4)
(3946,1.1046221254112046E-4)
(1889,1.1046221254112046E-4)
(9405,5.3612075311204505E-6)
(6839,1.1046221254112046E-4)
(4491,1.1046221254112046E-4)
(8103,3.248677330419451E-6)
(1577,1.1046221254112046E-4)
(4712,1.1046221254112046E-4)
(5838,1.1046221254112046E-4)
(8606,6.401811541120451E-6)
(9834,1.1046221254112046E-4)
(1456,1.1046221254112046E-4)
(2101,1.0936852726843613E-6)
(5393,1.1046221254112046E-4)
(3355,1.1046221254112046E-4)
(8264,1.1046221254112046E-4)
(370,1.1046221254112046E-4)
(7418,1.1046221254112046E-4)
(7223,1.1046221254112046E-4)
(8480,1.1046221254112046E-4)
(2479,1.1046221254112046E-4)
(6024,1.1046221254112046E-4)
(9845,1.1046221254112046E-4)
(8594,1.1046221254112046E-4)
(2071,1.1046221254112046E-4)
(4169,1.1046221254112046E-4)
(8187,1.1046221254112046E-4)
(2608,8.452212541120452E-6)
(3278,1.1046221254112046E-4)
(3212,1.1046221254112046E-4)
(4448,1.1046221254112046E-4)
(8404,4.310197481020451E-6)
(378,1.1046221254112046E-4)
(6835,1.1046221254112046E-4)
(8734,1.1046221254112046E-4)
(488,1.1046221254112046E-4)
(6523,1.1046221254112046E-4)
(202,2.1765419783124415E-6)
(7814,1.1046221254112046E-4)
(7638,1.1046221254112046E-4)
(7979,1.1046221254112046E-4)
(5342,1.1046221254112046E-4)
(1728,1.1046221254112046E-4)
(8855,1.1046221254112046E-4)
(2901,1.0936852726843613E-6)
(7098,1.1046221254112046E-4)
(2039,1.1046221254112046E-4)
(257,1.1046221254112046E-4)
(518,1.1046221254112046E-4)
(4440,1.1046221254112046E-4)
(7197,1.1046221254112046E-4)
(2376,1.1046221254112046E-4)
(4051,1.1046221254112046E-4)
(9173,1.1046221254112046E-4)
(7861,1.1046221254112046E-4)
(7733,1.1046221254112046E-4)
(8073,1.1046221254112046E-4)
(9896,1.1046221254112046E-4)
(1108,8.452212541120452E-6)
(4617,1.1046221254112046E-4)
(4606,6.401811541120451E-6)
(5739,1.1046221254112046E-4)
(4727,1.1046221254112046E-4)
(1276,1.1046221254112046E-4)
(5904,4.310197481020451E-6)
(8260,1.1046221254112046E-4)
(8228,1.1046221254112046E-4)
(1492,1.1046221254112046E-4)
(3230,1.1046221254112046E-4)
(9915,1.1046221254112046E-4)
(590,1.1046221254112046E-4)
(239,1.1046221254112046E-4)
(635,1.1046221254112046E-4)
(7571,1.1046221254112046E-4)
(4033,1.1046221254112046E-4)
(8565,1.1046221254112046E-4)
(1694,1.1046221254112046E-4)
(6842,1.1046221254112046E-4)
(675,1.1046221254112046E-4)
(5760,1.1046221254112046E-4)
(6790,1.1046221254112046E-4)
(5236,1.1046221254112046E-4)
(8301,1.0936852726843613E-6)
(4437,1.1046221254112046E-4)
(5698,1.1046221254112046E-4)
(6420,1.1046221254112046E-4)
(4686,1.1046221254112046E-4)
(8033,1.1046221254112046E-4)
(6592,1.1046221254112046E-4)
(8668,1.1046221254112046E-4)
(1232,1.1046221254112046E-4)
(7395,1.1046221254112046E-4)
(4019,1.1046221254112046E-4)
(3476,1.1046221254112046E-4)
(7744,1.1046221254112046E-4)
(4091,1.1046221254112046E-4)
(7153,1.1046221254112046E-4)
(3197,1.1046221254112046E-4)
(5746,1.1046221254112046E-4)
(2505,5.3612075311204505E-6)
(9944,1.1046221254112046E-4)
(8000,1.1046221254112046E-4)
(3546,1.1046221254112046E-4)
(2783,1.1046221254112046E-4)
(4309,9.462212541120453E-6)
(4301,1.0936852726843613E-6)
(323,1.1046221254112046E-4)
(7296,1.1046221254112046E-4)
(381,1.1046221254112046E-4)
(4903,3.248677330419451E-6)
(8598,1.1046221254112046E-4)
(404,4.310197481020451E-6)
(9368,1.1046221254112046E-4)
(9449,1.1046221254112046E-4)
(9335,1.1046221254112046E-4)
(1089,1.1046221254112046E-4)
(4976,1.1046221254112046E-4)
(697,1.1046221254112046E-4)
(1067,1.1046221254112046E-4)
(4969,1.1046221254112046E-4)
(660,1.1046221254112046E-4)
(7322,1.1046221254112046E-4)
(8015,1.1046221254112046E-4)
(4844,1.1046221254112046E-4)
(4855,1.1046221254112046E-4)
(2372,1.1046221254112046E-4)
(5357,1.1046221254112046E-4)
(6688,1.1046221254112046E-4)
(4594,1.1046221254112046E-4)
(6512,1.1046221254112046E-4)
(9797,1.1046221254112046E-4)
(5805,5.3612075311204505E-6)
(6769,1.1046221254112046E-4)
(9313,1.1046221254112046E-4)
(4899,1.1046221254112046E-4)
(6967,1.1046221254112046E-4)
(3058,1.1046221254112046E-4)
(3429,1.1046221254112046E-4)
(5276,1.1046221254112046E-4)
(9159,1.1046221254112046E-4)
(6446,1.1046221254112046E-4)
(657,1.1046221254112046E-4)
(5016,1.1046221254112046E-4)
(4114,1.1046221254112046E-4)
(7076,1.1046221254112046E-4)
(819,1.1046221254112046E-4)
(8275,1.1046221254112046E-4)
(176,1.1046221254112046E-4)
(66,1.1046221254112046E-4)
(1797,1.1046221254112046E-4)
(2578,1.1046221254112046E-4)
(5713,1.1046221254112046E-4)
(8462,1.1046221254112046E-4)
(7465,1.1046221254112046E-4)
(4763,1.1046221254112046E-4)
(4543,1.1046221254112046E-4)
(1922,1.1046221254112046E-4)
(2402,2.1765419783124415E-6)
(220,1.1046221254112046E-4)
(8914,1.1046221254112046E-4)
(5908,8.452212541120452E-6)
(628,1.1046221254112046E-4)
(4206,6.401811541120451E-6)
(6930,1.1046221254112046E-4)
(158,1.1046221254112046E-4)
(7234,1.1046221254112046E-4)
(6846,1.1046221254112046E-4)
(2057,1.1046221254112046E-4)
(3436,1.1046221254112046E-4)
(3597,1.1046221254112046E-4)
(3902,2.1765419783124415E-6)
(3483,1.1046221254112046E-4)
(6776,1.1046221254112046E-4)
(9643,1.1046221254112046E-4)
(7865,1.1046221254112046E-4)
(1812,1.1046221254112046E-4)
(6828,1.1046221254112046E-4)
(7487,1.1046221254112046E-4)
(1724,1.1046221254112046E-4)
(8408,8.452212541120452E-6)
(7586,1.1046221254112046E-4)
(5427,1.1046221254112046E-4)
(8954,1.1046221254112046E-4)
(8693,1.1046221254112046E-4)
(1665,1.1046221254112046E-4)
(932,1.1046221254112046E-4)
(1364,1.1046221254112046E-4)
(9603,3.248677330419451E-6)
(9782,1.1046221254112046E-4)
(4998,1.1046221254112046E-4)
(2776,1.1046221254112046E-4)
(7036,1.1046221254112046E-4)
(3575,1.1046221254112046E-4)
(2394,1.1046221254112046E-4)
(5519,1.1046221254112046E-4)
(7887,1.1046221254112046E-4)
(9610,1.0462212541120453E-5)
(1177,1.1046221254112046E-4)
(8400,1.1046221254112046E-4)
(7366,1.1046221254112046E-4)
(3593,1.1046221254112046E-4)
(4279,1.1046221254112046E-4)
(419,1.1046221254112046E-4)
(3117,1.1046221254112046E-4)
(5885,1.1046221254112046E-4)
(5470,1.1046221254112046E-4)
(345,1.1046221254112046E-4)
(3098,1.1046221254112046E-4)
(6226,1.1046221254112046E-4)
(4389,1.1046221254112046E-4)
(3182,1.1046221254112046E-4)
(4334,1.1046221254112046E-4)
(507,7.432112541120452E-6)
(2611,1.1046221254112046E-4)
(4011,1.1046221254112046E-4)
(4569,1.1046221254112046E-4)
(3708,8.452212541120452E-6)
(1137,1.1046221254112046E-4)
(1687,1.1046221254112046E-4)
(5878,1.1046221254112046E-4)
(2842,1.1046221254112046E-4)
(6244,1.1046221254112046E-4)
(8279,1.1046221254112046E-4)
(8374,1.1046221254112046E-4)
(3388,1.1046221254112046E-4)
(903,3.248677330419451E-6)
(2893,1.1046221254112046E-4)
(3821,1.1046221254112046E-4)
(7524,1.1046221254112046E-4)
(7201,1.0936852726843613E-6)
(693,1.1046221254112046E-4)
(3957,1.1046221254112046E-4)
(5074,1.1046221254112046E-4)
(1984,1.1046221254112046E-4)
(2549,1.1046221254112046E-4)
(7252,1.1046221254112046E-4)
(9375,1.1046221254112046E-4)
(6941,1.1046221254112046E-4)
(785,1.1046221254112046E-4)
(150,1.1046221254112046E-4)
(2659,1.1046221254112046E-4)
(6200,1.1046221254112046E-4)
(1005,5.3612075311204505E-6)
(4459,1.1046221254112046E-4)
(6486,1.1046221254112046E-4)
(1342,1.1046221254112046E-4)
(5335,1.1046221254112046E-4)
(7854,1.1046221254112046E-4)
(4264,1.1046221254112046E-4)
(8697,1.1046221254112046E-4)
(2196,1.1046221254112046E-4)
(4385,1.1046221254112046E-4)
(7674,1.1046221254112046E-4)
(7142,1.1046221254112046E-4)
(3623,1.1046221254112046E-4)
(2185,1.1046221254112046E-4)
(6626,1.1046221254112046E-4)
(5591,1.1046221254112046E-4)
(5786,1.1046221254112046E-4)
(8495,1.1046221254112046E-4)
(1298,1.1046221254112046E-4)
(8851,1.1046221254112046E-4)
(8019,1.1046221254112046E-4)
(5265,1.1046221254112046E-4)
(5489,1.1046221254112046E-4)
(6406,6.401811541120451E-6)
(6002,2.1765419783124415E-6)
(22,1.1046221254112046E-4)
(7292,1.1046221254112046E-4)
(4590,1.1046221254112046E-4)
(4796,1.1046221254112046E-4)
(8011,1.1046221254112046E-4)
(6428,1.1046221254112046E-4)
(7429,1.1046221254112046E-4)
(8503,3.248677330419451E-6)
(2464,1.1046221254112046E-4)
(5577,1.1046221254112046E-4)
(6149,1.1046221254112046E-4)
(1166,1.1046221254112046E-4)
(1489,1.1046221254112046E-4)
(8396,1.1046221254112046E-4)
(6802,2.1765419783124415E-6)
(99,1.1046221254112046E-4)
(7359,1.1046221254112046E-4)
(4297,1.1046221254112046E-4)
(4675,1.1046221254112046E-4)
(7531,1.1046221254112046E-4)
(899,1.1046221254112046E-4)
(1371,1.1046221254112046E-4)
(2802,2.1765419783124415E-6)
(8121,1.1046221254112046E-4)
(7065,1.1046221254112046E-4)
(965,1.1046221254112046E-4)
(1654,1.1046221254112046E-4)
(5779,1.1046221254112046E-4)
(7447,1.1046221254112046E-4)
(3711,1.1046221254112046E-4)
(9144,1.1046221254112046E-4)
(3807,7.432112541120452E-6)
(5261,1.1046221254112046E-4)
(4888,1.1046221254112046E-4)
(5951,1.1046221254112046E-4)
(5298,1.1046221254112046E-4)
(1504,4.310197481020451E-6)
(2673,1.1046221254112046E-4)
(3348,1.1046221254112046E-4)
(4628,1.1046221254112046E-4)
(3447,1.1046221254112046E-4)
(5856,1.1046221254112046E-4)
(5933,1.1046221254112046E-4)
(6134,1.1046221254112046E-4)
(3234,1.1046221254112046E-4)
(7315,1.1046221254112046E-4)
(8444,1.1046221254112046E-4)
(5991,1.1046221254112046E-4)
(3007,7.432112541120452E-6)
(796,1.1046221254112046E-4)
(4055,1.1046221254112046E-4)
(1683,1.1046221254112046E-4)
(9948,1.1046221254112046E-4)
(2053,1.1046221254112046E-4)
(4936,1.1046221254112046E-4)
(7238,1.1046221254112046E-4)
(8884,1.1046221254112046E-4)
(9463,1.1046221254112046E-4)
(5269,1.1046221254112046E-4)
(9867,1.1046221254112046E-4)
(9720,1.1046221254112046E-4)
(4015,1.1046221254112046E-4)
(1779,1.1046221254112046E-4)
(9081,1.1046221254112046E-4)
(9001,1.0936852726843613E-6)
(5133,1.1046221254112046E-4)
(8613,1.1046221254112046E-4)
(8543,1.1046221254112046E-4)
(433,1.1046221254112046E-4)
(8510,1.0462212541120453E-5)
(976,1.1046221254112046E-4)
(3054,1.1046221254112046E-4)
(3564,1.1046221254112046E-4)
(7634,1.1046221254112046E-4)
(8477,1.1046221254112046E-4)
(495,1.1046221254112046E-4)
(6567,1.1046221254112046E-4)
(9863,1.1046221254112046E-4)
(1845,1.1046221254112046E-4)
(671,1.1046221254112046E-4)
(910,1.0462212541120453E-5)
(8976,1.1046221254112046E-4)
(8,8.452212541120452E-6)
(6394,1.1046221254112046E-4)
(5005,5.3612075311204505E-6)
(5423,1.1046221254112046E-4)
(5089,1.1046221254112046E-4)
(2259,1.1046221254112046E-4)
(4624,1.1046221254112046E-4)
(2680,1.1046221254112046E-4)
(4819,1.1046221254112046E-4)
(7711,1.1046221254112046E-4)
(3047,1.1046221254112046E-4)
(4172,1.1046221254112046E-4)
(6259,1.1046221254112046E-4)
(7494,1.1046221254112046E-4)
(1588,1.1046221254112046E-4)
(3494,1.1046221254112046E-4)
(4884,1.1046221254112046E-4)
(3854,1.1046221254112046E-4)
(1959,1.1046221254112046E-4)
(6882,1.1046221254112046E-4)
(5027,1.1046221254112046E-4)
(7784,1.1046221254112046E-4)
(1250,1.1046221254112046E-4)
(1207,7.432112541120452E-6)
(9236,1.1046221254112046E-4)
(6068,1.1046221254112046E-4)
(217,1.1046221254112046E-4)
(4488,1.1046221254112046E-4)
(6369,1.1046221254112046E-4)
(9005,5.3612075311204505E-6)
(8066,1.1046221254112046E-4)
(1409,9.462212541120453E-6)
(5159,1.1046221254112046E-4)
(1951,1.1046221254112046E-4)
(7249,1.1046221254112046E-4)
(7483,1.1046221254112046E-4)
(9779,1.1046221254112046E-4)
(8440,1.1046221254112046E-4)
(8723,1.1046221254112046E-4)
(2835,1.1046221254112046E-4)
(4550,1.1046221254112046E-4)
(1999,1.1046221254112046E-4)
(4268,1.1046221254112046E-4)
(3252,1.1046221254112046E-4)
(6747,1.1046221254112046E-4)
(4381,1.1046221254112046E-4)
(1940,1.1046221254112046E-4)
(3748,1.1046221254112046E-4)
(2501,1.0936852726843613E-6)
(2321,1.1046221254112046E-4)
(6651,1.1046221254112046E-4)
(950,1.1046221254112046E-4)
(4561,1.1046221254112046E-4)
(5078,1.1046221254112046E-4)
(767,1.1046221254112046E-4)
(2868,1.1046221254112046E-4)
(6761,1.1046221254112046E-4)
(6307,7.432112541120452E-6)
(543,1.1046221254112046E-4)
(9540,1.1046221254112046E-4)
(2985,1.1046221254112046E-4)
(2732,1.1046221254112046E-4)
(5573,1.1046221254112046E-4)
(8518,1.1046221254112046E-4)
(9364,1.1046221254112046E-4)
(3399,1.1046221254112046E-4)
(9959,1.1046221254112046E-4)
(6754,1.1046221254112046E-4)
(7883,1.1046221254112046E-4)
(2798,1.1046221254112046E-4)
(4532,1.1046221254112046E-4)
(9892,1.1046221254112046E-4)
(8305,5.3612075311204505E-6)
(5647,1.1046221254112046E-4)
(1841,1.1046221254112046E-4)
(9775,1.1046221254112046E-4)
(9416,1.1046221254112046E-4)
(334,1.1046221254112046E-4)
(1731,1.1046221254112046E-4)
(5214,1.1046221254112046E-4)
(4664,1.1046221254112046E-4)
(7627,1.1046221254112046E-4)
(2527,1.1046221254112046E-4)
(268,1.1046221254112046E-4)
(8077,1.1046221254112046E-4)
(2769,1.1046221254112046E-4)
(4598,1.1046221254112046E-4)
(8572,1.1046221254112046E-4)
(9254,1.1046221254112046E-4)
(3535,1.1046221254112046E-4)
(3740,1.1046221254112046E-4)
(6516,1.1046221254112046E-4)
(242,1.1046221254112046E-4)
(1049,1.1046221254112046E-4)
(5735,1.1046221254112046E-4)
(781,1.1046221254112046E-4)
(8907,7.432112541120452E-6)
(7777,1.1046221254112046E-4)
(7847,1.1046221254112046E-4)
(2200,1.1046221254112046E-4)
(73,1.1046221254112046E-4)
(7094,1.1046221254112046E-4)
(583,1.1046221254112046E-4)
(5940,1.1046221254112046E-4)
(3788,1.1046221254112046E-4)
(8176,1.1046221254112046E-4)
(183,1.1046221254112046E-4)
(646,1.1046221254112046E-4)
(9038,1.1046221254112046E-4)
(9331,1.1046221254112046E-4)
(1485,1.1046221254112046E-4)
(7014,1.1046221254112046E-4)
(129,1.1046221254112046E-4)
(6879,1.1046221254112046E-4)
(9809,9.462212541120453E-6)
(6684,1.1046221254112046E-4)
(9511,1.1046221254112046E-4)
(6563,1.1046221254112046E-4)
(554,1.1046221254112046E-4)
(9632,1.1046221254112046E-4)
(5001,1.0936852726843613E-6)
(3021,1.1046221254112046E-4)
(1302,2.1765419783124415E-6)
(4378,1.1046221254112046E-4)
(4851,1.1046221254112046E-4)
(6233,1.1046221254112046E-4)
(7120,1.1046221254112046E-4)
(473,1.1046221254112046E-4)
(286,1.1046221254112046E-4)
(5052,1.1046221254112046E-4)
(7274,1.1046221254112046E-4)
(2112,1.1046221254112046E-4)
(7755,1.1046221254112046E-4)
(5900,1.1046221254112046E-4)
(8084,1.1046221254112046E-4)
(6347,1.1046221254112046E-4)
(2655,1.1046221254112046E-4)
(6376,1.1046221254112046E-4)
(3153,1.1046221254112046E-4)
(1793,1.1046221254112046E-4)
(9526,1.1046221254112046E-4)
(5562,1.1046221254112046E-4)
(8590,1.1046221254112046E-4)
(2332,1.1046221254112046E-4)
(7740,1.1046221254112046E-4)
(8550,1.1046221254112046E-4)
(6361,1.1046221254112046E-4)
(6783,1.1046221254112046E-4)
(3377,1.1046221254112046E-4)
(6637,1.1046221254112046E-4)
(9111,1.1046221254112046E-4)
(7931,1.1046221254112046E-4)
(4572,1.1046221254112046E-4)
(2743,1.1046221254112046E-4)
(5320,1.1046221254112046E-4)
(8356,1.1046221254112046E-4)
(2365,1.1046221254112046E-4)
(0,0.010936852726843612)
(7469,1.1046221254112046E-4)
(8918,1.1046221254112046E-4)
(4110,1.0462212541120453E-5)
(3553,1.1046221254112046E-4)
(5720,1.1046221254112046E-4)
(6053,1.1046221254112046E-4)
(1661,1.1046221254112046E-4)
(1948,1.1046221254112046E-4)
(5962,1.1046221254112046E-4)
(9247,1.1046221254112046E-4)
(7278,1.1046221254112046E-4)
(4536,1.1046221254112046E-4)
(9177,1.1046221254112046E-4)
(1393,1.1046221254112046E-4)
(3359,1.1046221254112046E-4)
(4749,1.1046221254112046E-4)
(7355,1.1046221254112046E-4)
(2666,1.1046221254112046E-4)
(4367,1.1046221254112046E-4)
(723,1.1046221254112046E-4)
(2992,1.1046221254112046E-4)
(7670,1.1046221254112046E-4)
(1591,1.1046221254112046E-4)
(1834,1.1046221254112046E-4)
(8451,1.1046221254112046E-4)
(1926,1.1046221254112046E-4)
(9577,1.1046221254112046E-4)
(253,1.1046221254112046E-4)
(7029,1.1046221254112046E-4)
(7377,1.1046221254112046E-4)
(8844,1.1046221254112046E-4)
(9261,1.1046221254112046E-4)
(7850,1.1046221254112046E-4)
(6493,1.1046221254112046E-4)
(9665,1.1046221254112046E-4)
(4062,1.1046221254112046E-4)
(9434,1.1046221254112046E-4)
(3326,1.1046221254112046E-4)
(9706,6.401811541120451E-6)
(9056,1.1046221254112046E-4)
(2765,1.1046221254112046E-4)
(4253,1.1046221254112046E-4)
(3663,1.1046221254112046E-4)
(3766,1.1046221254112046E-4)
(6163,1.1046221254112046E-4)
(5250,1.1046221254112046E-4)
(3351,1.1046221254112046E-4)
(3531,1.1046221254112046E-4)
(5977,1.1046221254112046E-4)
(6978,1.1046221254112046E-4)
(5809,9.462212541120453E-6)
(1441,1.1046221254112046E-4)
(8455,1.1046221254112046E-4)
(617,1.1046221254112046E-4)
(5272,1.1046221254112046E-4)
(2699,1.1046221254112046E-4)
(5629,1.1046221254112046E-4)
(8224,1.1046221254112046E-4)
(1328,1.1046221254112046E-4)
(9085,1.1046221254112046E-4)
(8521,1.1046221254112046E-4)
(9148,1.1046221254112046E-4)
(8327,1.1046221254112046E-4)
(5126,1.1046221254112046E-4)
(6916,1.1046221254112046E-4)
(1034,1.1046221254112046E-4)
(4965,1.1046221254112046E-4)
(1544,1.1046221254112046E-4)
(5401,1.0936852726843613E-6)
(8804,4.310197481020451E-6)
(8165,1.1046221254112046E-4)
(8826,1.1046221254112046E-4)
(9243,1.1046221254112046E-4)
(2989,1.1046221254112046E-4)
(4451,1.1046221254112046E-4)
(8206,6.401811541120451E-6)
(9522,1.1046221254112046E-4)
(9423,1.1046221254112046E-4)
(8671,1.1046221254112046E-4)
(462,1.1046221254112046E-4)
(3025,1.1046221254112046E-4)
(9614,1.1046221254112046E-4)
(3469,1.1046221254112046E-4)
(6046,1.1046221254112046E-4)
(2853,1.1046221254112046E-4)
(7968,1.1046221254112046E-4)
(8239,1.1046221254112046E-4)
(6619,1.1046221254112046E-4)
(7612,1.1046221254112046E-4)
(7708,8.452212541120452E-6)
(8822,1.1046221254112046E-4)
(9900,1.1046221254112046E-4)
(532,1.1046221254112046E-4)
(3678,1.1046221254112046E-4)
(9764,1.1046221254112046E-4)
(4925,1.1046221254112046E-4)
(8763,1.1046221254112046E-4)
(5559,1.1046221254112046E-4)
(37,1.1046221254112046E-4)
(2996,1.1046221254112046E-4)
(3762,1.1046221254112046E-4)
(6372,1.1046221254112046E-4)
(1742,1.1046221254112046E-4)
(5474,1.1046221254112046E-4)
(9225,1.1046221254112046E-4)
(9409,9.462212541120453E-6)
(9342,1.1046221254112046E-4)
(8114,1.1046221254112046E-4)
(44,1.1046221254112046E-4)
(3069,1.1046221254112046E-4)
(9559,1.1046221254112046E-4)
(4862,1.1046221254112046E-4)
(9566,1.1046221254112046E-4)
(576,1.1046221254112046E-4)
(3425,1.1046221254112046E-4)
(1382,1.1046221254112046E-4)
(1555,1.1046221254112046E-4)
(8352,1.1046221254112046E-4)
(6255,1.1046221254112046E-4)
(3065,1.1046221254112046E-4)
(5775,1.1046221254112046E-4)
(8040,1.1046221254112046E-4)
(1126,1.1046221254112046E-4)
(3032,1.1046221254112046E-4)
(8932,1.1046221254112046E-4)
(4026,1.1046221254112046E-4)
(4129,1.1046221254112046E-4)
(1690,1.1046221254112046E-4)
(7157,1.1046221254112046E-4)
(8958,1.1046221254112046E-4)
(231,1.1046221254112046E-4)
(4774,1.1046221254112046E-4)
(8491,1.1046221254112046E-4)
(738,1.1046221254112046E-4)
(6178,1.1046221254112046E-4)
(5584,1.1046221254112046E-4)
(7102,2.1765419783124415E-6)
(2909,9.462212541120453E-6)
(5551,1.1046221254112046E-4)
(9746,1.1046221254112046E-4)
(55,1.1046221254112046E-4)
(1988,1.1046221254112046E-4)
(3344,1.1046221254112046E-4)
(8338,1.1046221254112046E-4)
(1919,1.1046221254112046E-4)
(6123,1.1046221254112046E-4)
(7043,1.1046221254112046E-4)
(9922,1.1046221254112046E-4)
(4657,1.1046221254112046E-4)
(8705,5.3612075311204505E-6)
(2192,1.1046221254112046E-4)
(4198,1.1046221254112046E-4)
(8037,1.1046221254112046E-4)
(7542,1.1046221254112046E-4)
(1977,1.1046221254112046E-4)
(3799,1.1046221254112046E-4)
(4235,1.1046221254112046E-4)
(9940,1.1046221254112046E-4)
(6262,1.1046221254112046E-4)
(9801,1.0936852726843613E-6)
(1243,1.1046221254112046E-4)
(7582,1.1046221254112046E-4)
(9636,1.1046221254112046E-4)
(2020,1.1046221254112046E-4)
(800,1.1046221254112046E-4)
(4444,1.1046221254112046E-4)
(7935,1.1046221254112046E-4)
(8202,2.1765419783124415E-6)
(9379,1.1046221254112046E-4)
(6864,1.1046221254112046E-4)
(9757,1.1046221254112046E-4)
(1629,1.1046221254112046E-4)
(4187,1.1046221254112046E-4)
(4503,3.248677330419451E-6)
(1621,1.1046221254112046E-4)
(459,1.1046221254112046E-4)
(9591,1.1046221254112046E-4)
(3791,1.1046221254112046E-4)
(9717,1.1046221254112046E-4)
(1463,1.1046221254112046E-4)
(6556,1.1046221254112046E-4)
(349,1.1046221254112046E-4)
(8488,1.1046221254112046E-4)
(9881,1.1046221254112046E-4)
(7472,1.1046221254112046E-4)
(3997,1.1046221254112046E-4)
(59,1.1046221254112046E-4)
(7623,1.1046221254112046E-4)
(6545,1.1046221254112046E-4)
(987,1.1046221254112046E-4)
(5797,1.1046221254112046E-4)
(1522,1.1046221254112046E-4)
(1508,8.452212541120452E-6)
(895,1.1046221254112046E-4)
(2398,1.1046221254112046E-4)
(8459,1.1046221254112046E-4)
(367,1.1046221254112046E-4)
(7311,1.1046221254112046E-4)
(4147,1.1046221254112046E-4)
(1265,1.1046221254112046E-4)
(8752,1.1046221254112046E-4)
(3113,1.1046221254112046E-4)
(5496,1.1046221254112046E-4)
(6219,1.1046221254112046E-4)
(9009,9.462212541120453E-6)
(6949,1.1046221254112046E-4)
(891,1.1046221254112046E-4)
(4228,1.1046221254112046E-4)
(5412,1.1046221254112046E-4)
(8529,1.1046221254112046E-4)
(9735,1.1046221254112046E-4)
(6934,1.1046221254112046E-4)
(1360,1.1046221254112046E-4)
(6035,1.1046221254112046E-4)
(9302,2.1765419783124415E-6)
(6156,1.1046221254112046E-4)
(8088,1.1046221254112046E-4)
(8679,1.1046221254112046E-4)
(2273,1.1046221254112046E-4)
(8998,1.1046221254112046E-4)
(2750,1.1046221254112046E-4)
(3421,1.1046221254112046E-4)
(5092,1.1046221254112046E-4)
(264,1.1046221254112046E-4)
(2318,1.1046221254112046E-4)
(5508,8.452212541120452E-6)
(4833,1.1046221254112046E-4)
(5353,1.1046221254112046E-4)
(8048,1.1046221254112046E-4)
(4330,1.1046221254112046E-4)
(107,7.432112541120452E-6)
(1092,1.1046221254112046E-4)
(9478,1.1046221254112046E-4)
(3337,1.1046221254112046E-4)
(5706,6.401811541120451E-6)
(8172,1.1046221254112046E-4)
(7179,1.1046221254112046E-4)
(5830,1.1046221254112046E-4)
(3094,1.1046221254112046E-4)
(624,1.1046221254112046E-4)
(3876,1.1046221254112046E-4)
(7281,1.1046221254112046E-4)
(7025,1.1046221254112046E-4)
(9588,1.1046221254112046E-4)
(4587,1.1046221254112046E-4)
(9508,8.452212541120452E-6)
(4231,1.1046221254112046E-4)
(1474,1.1046221254112046E-4)
(6013,1.1046221254112046E-4)
(5863,1.1046221254112046E-4)
(6453,1.1046221254112046E-4)
(3649,1.1046221254112046E-4)
(110,1.0462212541120453E-5)
(7344,1.1046221254112046E-4)
(3315,1.1046221254112046E-4)
(5151,1.1046221254112046E-4)
(422,1.1046221254112046E-4)
(1449,1.1046221254112046E-4)
(9371,1.1046221254112046E-4)
(7557,1.1046221254112046E-4)
(6417,1.1046221254112046E-4)
(7050,1.1046221254112046E-4)
(4671,1.1046221254112046E-4)
(4943,1.1046221254112046E-4)
(9210,1.0462212541120453E-5)
(9492,1.1046221254112046E-4)
(2211,1.1046221254112046E-4)
(5258,1.1046221254112046E-4)
(3072,1.1046221254112046E-4)
(6251,1.1046221254112046E-4)
(8268,1.1046221254112046E-4)
(1764,1.1046221254112046E-4)
(778,1.1046221254112046E-4)
(9474,1.1046221254112046E-4)
(6060,1.1046221254112046E-4)
(3759,1.1046221254112046E-4)
(3568,1.1046221254112046E-4)
(914,1.1046221254112046E-4)
(3003,3.248677330419451E-6)
(6655,1.1046221254112046E-4)
(7384,1.1046221254112046E-4)
(2284,1.1046221254112046E-4)
(3681,1.1046221254112046E-4)
(668,1.1046221254112046E-4)
(844,1.1046221254112046E-4)
(4653,1.1046221254112046E-4)
(8242,1.1046221254112046E-4)
(606,6.401811541120451E-6)
(880,1.1046221254112046E-4)
(7780,1.1046221254112046E-4)
(6284,1.1046221254112046E-4)
(5368,1.1046221254112046E-4)
(8862,1.1046221254112046E-4)
(1874,1.1046221254112046E-4)
(4165,1.1046221254112046E-4)
(5588,1.1046221254112046E-4)
(8008,8.452212541120452E-6)
(3300,1.1046221254112046E-4)
(3836,1.1046221254112046E-4)
(9995,1.1046221254112046E-4)
(9346,1.1046221254112046E-4)
(9283,1.1046221254112046E-4)
(7818,1.1046221254112046E-4)
(5537,1.1046221254112046E-4)
(1045,1.1046221254112046E-4)
(9401,1.0936852726843613E-6)
(7113,1.1046221254112046E-4)
(3685,1.1046221254112046E-4)
(4961,1.1046221254112046E-4)
(5816,1.1046221254112046E-4)
(4510,1.0462212541120453E-5)
(2314,1.1046221254112046E-4)
(3270,1.1046221254112046E-4)
(6127,1.1046221254112046E-4)
(709,9.462212541120453E-6)
(4059,1.1046221254112046E-4)
(2981,1.1046221254112046E-4)
(972,1.1046221254112046E-4)
(7939,1.1046221254112046E-4)
(2497,1.1046221254112046E-4)
(2567,1.1046221254112046E-4)
(3719,1.1046221254112046E-4)
(4103,3.248677330419451E-6)
(4275,1.1046221254112046E-4)
(7209,9.462212541120453E-6)
(1911,1.1046221254112046E-4)
(9690,1.1046221254112046E-4)
(7461,1.1046221254112046E-4)
(1753,1.1046221254112046E-4)
(8639,1.1046221254112046E-4)
(9786,1.1046221254112046E-4)
(7182,1.1046221254112046E-4)
(3308,8.452212541120452E-6)
(484,1.1046221254112046E-4)
(1614,1.1046221254112046E-4)
(5676,1.1046221254112046E-4)
(6475,1.1046221254112046E-4)
(48,1.1046221254112046E-4)
(5607,7.432112541120452E-6)
(6457,1.1046221254112046E-4)
(3238,1.1046221254112046E-4)
(5555,1.1046221254112046E-4)
(9999,1.1046221254112046E-4)
(5144,1.1046221254112046E-4)
(3542,1.1046221254112046E-4)
(679,1.1046221254112046E-4)
(5104,4.310197481020451E-6)
(6189,1.1046221254112046E-4)
(6435,1.1046221254112046E-4)
(8569,1.1046221254112046E-4)
(5603,3.248677330419451E-6)
(8808,8.452212541120452E-6)
(2042,1.1046221254112046E-4)
(6945,1.1046221254112046E-4)
(9052,1.1046221254112046E-4)
(7087,1.1046221254112046E-4)
(2097,1.1046221254112046E-4)
(6659,1.1046221254112046E-4)
(8334,1.1046221254112046E-4)
(2156,1.1046221254112046E-4)
(5892,1.1046221254112046E-4)
(8624,1.1046221254112046E-4)
(1658,1.1046221254112046E-4)
(5915,1.1046221254112046E-4)
(5328,1.1046221254112046E-4)
(5379,1.1046221254112046E-4)
(1933,1.1046221254112046E-4)
(4840,1.1046221254112046E-4)
(6350,1.1046221254112046E-4)
(5595,1.1046221254112046E-4)
(7773,1.1046221254112046E-4)
(7975,1.1046221254112046E-4)
(1915,1.1046221254112046E-4)
(6860,1.1046221254112046E-4)
(6460,1.1046221254112046E-4)
(2358,1.1046221254112046E-4)
(7803,3.248677330419451E-6)
(3627,1.1046221254112046E-4)
(3407,7.432112541120452E-6)
(8819,1.1046221254112046E-4)
(1427,1.1046221254112046E-4)
(4338,1.1046221254112046E-4)
(7117,1.1046221254112046E-4)
(2093,1.1046221254112046E-4)
(5849,1.1046221254112046E-4)
(8235,1.1046221254112046E-4)
(6277,1.1046221254112046E-4)
(848,1.1046221254112046E-4)
(6600,1.1046221254112046E-4)
(2563,1.1046221254112046E-4)
(4239,1.1046221254112046E-4)
(1904,4.310197481020451E-6)
(8378,1.1046221254112046E-4)
(6509,9.462212541120453E-6)
(8194,1.1046221254112046E-4)
(4514,1.1046221254112046E-4)
(2648,1.1046221254112046E-4)
(7285,1.1046221254112046E-4)
(1353,1.1046221254112046E-4)
(1313,1.1046221254112046E-4)
(1735,1.1046221254112046E-4)
(4004,4.310197481020451E-6)
(9984,1.1046221254112046E-4)
(8774,1.1046221254112046E-4)
(2530,1.1046221254112046E-4)
(2538,1.1046221254112046E-4)
(4224,1.1046221254112046E-4)
(840,1.1046221254112046E-4)
(2820,1.1046221254112046E-4)
(2453,1.1046221254112046E-4)
(1254,1.1046221254112046E-4)
(5207,7.432112541120452E-6)
(2138,1.1046221254112046E-4)
(5339,1.1046221254112046E-4)
(9687,1.1046221254112046E-4)
(15,1.1046221254112046E-4)
(3773,1.1046221254112046E-4)
(5137,1.1046221254112046E-4)
(2970,1.1046221254112046E-4)
(1562,1.1046221254112046E-4)
(653,1.1046221254112046E-4)
(1885,1.1046221254112046E-4)
(5294,1.1046221254112046E-4)
(4408,8.452212541120452E-6)
(1973,1.1046221254112046E-4)
(2424,1.1046221254112046E-4)
(6116,1.1046221254112046E-4)
(4118,1.1046221254112046E-4)
(4161,1.1046221254112046E-4)
(7021,1.1046221254112046E-4)
(7018,1.1046221254112046E-4)
(7681,1.1046221254112046E-4)
(9045,1.1046221254112046E-4)
(5203,3.248677330419451E-6)
(213,1.1046221254112046E-4)
(9955,1.1046221254112046E-4)
(9977,1.1046221254112046E-4)
(2806,6.401811541120451E-6)
(4679,1.1046221254112046E-4)
(8947,1.1046221254112046E-4)
(2556,1.1046221254112046E-4)
(95,1.1046221254112046E-4)
(4077,1.1046221254112046E-4)
(1210,1.0462212541120453E-5)
(2846,1.1046221254112046E-4)
(5229,1.1046221254112046E-4)
(4826,1.1046221254112046E-4)
(3498,1.1046221254112046E-4)
(275,1.1046221254112046E-4)
(2619,1.1046221254112046E-4)
(4048,1.1046221254112046E-4)
(8419,1.1046221254112046E-4)
(4730,1.1046221254112046E-4)
(2460,1.1046221254112046E-4)
(3803,3.248677330419451E-6)
(1559,1.1046221254112046E-4)
(5049,1.1046221254112046E-4)
(5218,1.1046221254112046E-4)
(6909,9.462212541120453E-6)
(1478,1.1046221254112046E-4)
(7568,1.1046221254112046E-4)
(7791,1.1046221254112046E-4)
(9607,7.432112541120452E-6)
(8587,1.1046221254112046E-4)
(3472,1.1046221254112046E-4)
(165,1.1046221254112046E-4)
(5173,1.1046221254112046E-4)
(763,1.1046221254112046E-4)
(9096,1.1046221254112046E-4)
(2941,1.1046221254112046E-4)
(6086,1.1046221254112046E-4)
(7216,1.1046221254112046E-4)
(9427,1.1046221254112046E-4)
(8800,1.1046221254112046E-4)
(9988,1.1046221254112046E-4)
(5643,1.1046221254112046E-4)
(121,1.1046221254112046E-4)
(1878,1.1046221254112046E-4)
(9108,8.452212541120452E-6)
(1481,1.1046221254112046E-4)
(1548,1.1046221254112046E-4)
(3186,1.1046221254112046E-4)
(11,1.1046221254112046E-4)
(822,1.1046221254112046E-4)
(4752,1.1046221254112046E-4)
(7256,1.1046221254112046E-4)
(8169,1.1046221254112046E-4)
(9669,1.1046221254112046E-4)
(8837,1.1046221254112046E-4)
(3692,1.1046221254112046E-4)
(3704,4.310197481020451E-6)
(4477,1.1046221254112046E-4)
(7928,1.1046221254112046E-4)
(246,1.1046221254112046E-4)
(936,1.1046221254112046E-4)
(6725,1.1046221254112046E-4)
(2747,1.1046221254112046E-4)
(6985,1.1046221254112046E-4)
(1038,1.1046221254112046E-4)
(4363,1.1046221254112046E-4)
(7825,1.1046221254112046E-4)
(9621,1.1046221254112046E-4)
(994,1.1046221254112046E-4)
(7454,1.1046221254112046E-4)
(103,3.248677330419451E-6)
(4125,1.1046221254112046E-4)
(8286,1.1046221254112046E-4)
(3373,1.1046221254112046E-4)
(8484,1.1046221254112046E-4)
(9771,1.1046221254112046E-4)
(4701,1.0936852726843613E-6)
(5599,1.1046221254112046E-4)
(6541,1.1046221254112046E-4)
(2640,1.1046221254112046E-4)
(2545,1.1046221254112046E-4)
(297,1.1046221254112046E-4)
(9991,1.1046221254112046E-4)
(3285,1.1046221254112046E-4)
(921,1.1046221254112046E-4)
(4741,1.1046221254112046E-4)
(6622,1.1046221254112046E-4)
(8583,1.1046221254112046E-4)
(7146,1.1046221254112046E-4)
(8745,1.1046221254112046E-4)
(1236,1.1046221254112046E-4)
(9317,1.1046221254112046E-4)
(2541,1.1046221254112046E-4)
(2864,1.1046221254112046E-4)
(2691,1.1046221254112046E-4)
(9753,1.1046221254112046E-4)
(561,1.1046221254112046E-4)
(4327,1.1046221254112046E-4)
(6578,1.1046221254112046E-4)
(356,1.1046221254112046E-4)
(4891,1.1046221254112046E-4)
(9324,1.1046221254112046E-4)
(1537,1.1046221254112046E-4)
(9889,1.1046221254112046E-4)
(9360,1.1046221254112046E-4)
(6402,2.1765419783124415E-6)
(8925,1.1046221254112046E-4)
(2152,1.1046221254112046E-4)
(3968,1.1046221254112046E-4)
(6057,1.1046221254112046E-4)
(3890,1.1046221254112046E-4)
(9919,1.1046221254112046E-4)
(1540,1.1046221254112046E-4)
(5690,1.1046221254112046E-4)
(341,1.1046221254112046E-4)
(7432,1.1046221254112046E-4)
(9496,1.1046221254112046E-4)
(4756,1.1046221254112046E-4)
(8635,1.1046221254112046E-4)
(2145,1.1046221254112046E-4)
(7917,1.1046221254112046E-4)
(7696,1.1046221254112046E-4)
(1720,1.1046221254112046E-4)
(132,1.1046221254112046E-4)
(2604,4.310197481020451E-6)
(4958,1.1046221254112046E-4)
(8994,1.1046221254112046E-4)
(7795,1.1046221254112046E-4)
(169,1.1046221254112046E-4)
(1551,1.1046221254112046E-4)
(7186,1.1046221254112046E-4)
(6248,1.1046221254112046E-4)
(3106,6.401811541120451E-6)
(8055,1.1046221254112046E-4)
(7010,1.0462212541120453E-5)
(7263,1.1046221254112046E-4)
(7609,9.462212541120453E-6)
(6956,1.1046221254112046E-4)
(7083,1.1046221254112046E-4)
(7700,1.1046221254112046E-4)
(6141,1.1046221254112046E-4)
(8246,1.1046221254112046E-4)
(8062,1.1046221254112046E-4)
(2615,1.1046221254112046E-4)
(3124,1.1046221254112046E-4)
(7490,1.1046221254112046E-4)
(7128,1.1046221254112046E-4)
(587,1.1046221254112046E-4)
(374,1.1046221254112046E-4)
(2028,1.1046221254112046E-4)
(3018,1.1046221254112046E-4)
(2347,1.1046221254112046E-4)
(5632,1.1046221254112046E-4)
(6064,1.1046221254112046E-4)
(8411,1.1046221254112046E-4)
(8532,1.1046221254112046E-4)
(4176,1.1046221254112046E-4)
(4473,1.1046221254112046E-4)
(5504,4.310197481020451E-6)
(8972,1.1046221254112046E-4)
(2817,1.1046221254112046E-4)
(5375,1.1046221254112046E-4)
(5195,1.1046221254112046E-4)
