(8939,1.1046221254112046E-4)
(1796,1.1046221254112046E-4)
(7325,1.1046221254112046E-4)
(4829,1.1046221254112046E-4)
(3017,1.1046221254112046E-4)
(6537,1.1046221254112046E-4)
(6078,1.1046221254112046E-4)
(6944,1.1046221254112046E-4)
(4447,1.1046221254112046E-4)
(7545,1.1046221254112046E-4)
(627,1.1046221254112046E-4)
(9389,1.1046221254112046E-4)
(436,1.1046221254112046E-4)
(3879,1.1046221254112046E-4)
(4425,1.1046221254112046E-4)
(9484,1.1046221254112046E-4)
(1077,1.1046221254112046E-4)
(7105,5.3612075311204505E-6)
(5855,1.1046221254112046E-4)
(2658,1.1046221254112046E-4)
(6034,1.1046221254112046E-4)
(2375,1.1046221254112046E-4)
(1918,1.1046221254112046E-4)
(7677,1.1046221254112046E-4)
(6834,1.1046221254112046E-4)
(7222,1.1046221254112046E-4)
(8560,1.1046221254112046E-4)
(1554,1.1046221254112046E-4)
(7743,1.1046221254112046E-4)
(8007,7.432112541120452E-6)
(1389,1.1046221254112046E-4)
(1958,1.1046221254112046E-4)
(8843,1.1046221254112046E-4)
(8593,1.1046221254112046E-4)
(6650,1.1046221254112046E-4)
(3428,1.1046221254112046E-4)
(6892,1.1046221254112046E-4)
(9437,1.1046221254112046E-4)
(5837,1.1046221254112046E-4)
(7596,1.1046221254112046E-4)
(3068,1.1046221254112046E-4)
(9873,1.1046221254112046E-4)
(582,1.1046221254112046E-4)
(3523,1.1046221254112046E-4)
(9008,8.452212541120452E-6)
(7318,1.1046221254112046E-4)
(8957,1.1046221254112046E-4)
(9617,1.1046221254112046E-4)
(2221,1.1046221254112046E-4)
(3927,1.1046221254112046E-4)
(5048,1.1046221254112046E-4)
(4267,1.1046221254112046E-4)
(2933,1.1046221254112046E-4)
(1587,1.1046221254112046E-4)
(685,1.1046221254112046E-4)
(6801,1.0936852726843613E-6)
(5903,3.248677330419451E-6)
(1415,1.1046221254112046E-4)
(8061,1.1046221254112046E-4)
(2173,1.1046221254112046E-4)
(5808,8.452212541120452E-6)
(9954,1.1046221254112046E-4)
(263,1.1046221254112046E-4)
(1275,1.1046221254112046E-4)
(2782,1.1046221254112046E-4)
(4780,1.1046221254112046E-4)
(4935,1.1046221254112046E-4)
(3648,1.1046221254112046E-4)
(2155,1.1046221254112046E-4)
(2261,1.1046221254112046E-4)
(2775,1.1046221254112046E-4)
(788,1.1046221254112046E-4)
(5059,1.1046221254112046E-4)
(8454,1.1046221254112046E-4)
(8740,1.1046221254112046E-4)
(4535,1.1046221254112046E-4)
(9125,1.1046221254112046E-4)
(7941,1.1046221254112046E-4)
(6342,1.1046221254112046E-4)
(2236,1.1046221254112046E-4)
(7042,1.1046221254112046E-4)
(1480,1.1046221254112046E-4)
(5080,1.1046221254112046E-4)
(9819,1.1046221254112046E-4)
(1426,1.1046221254112046E-4)
(4461,1.1046221254112046E-4)
(1572,1.1046221254112046E-4)
(3622,1.1046221254112046E-4)
(6290,1.1046221254112046E-4)
(8795,1.1046221254112046E-4)
(1712,1.1046221254112046E-4)
(2599,1.1046221254112046E-4)
(3127,1.1046221254112046E-4)
(3512,1.1046221254112046E-4)
(6195,1.1046221254112046E-4)
(3688,1.1046221254112046E-4)
(7248,1.1046221254112046E-4)
(8942,1.1046221254112046E-4)
(4894,1.1046221254112046E-4)
(7860,1.1046221254112046E-4)
(7493,1.1046221254112046E-4)
(1932,1.1046221254112046E-4)
(6603,3.248677330419451E-6)
(1150,1.1046221254112046E-4)
(7640,1.1046221254112046E-4)
(791,1.1046221254112046E-4)
(6081,1.1046221254112046E-4)
(8582,1.1046221254112046E-4)
(10,1.0462212541120453E-5)
(3552,1.1046221254112046E-4)
(3868,1.1046221254112046E-4)
(6364,1.1046221254112046E-4)
(7666,1.1046221254112046E-4)
(8913,1.1046221254112046E-4)
(2823,1.1046221254112046E-4)
(5811,1.1046221254112046E-4)
(6519,1.1046221254112046E-4)
(4010,1.0462212541120453E-5)
(490,1.1046221254112046E-4)
(3219,1.1046221254112046E-4)
(8524,1.1046221254112046E-4)
(186,1.1046221254112046E-4)
(9961,1.1046221254112046E-4)
(1990,1.1046221254112046E-4)
(2320,1.1046221254112046E-4)
(5183,1.1046221254112046E-4)
(3787,1.1046221254112046E-4)
(4315,1.1046221254112046E-4)
(9103,3.248677330419451E-6)
(7574,1.1046221254112046E-4)
(4777,1.1046221254112046E-4)
(9129,1.1046221254112046E-4)
(8193,1.1046221254112046E-4)
(9462,1.1046221254112046E-4)
(9756,1.1046221254112046E-4)
(498,1.1046221254112046E-4)
(1121,1.1046221254112046E-4)
(939,1.1046221254112046E-4)
(7864,1.1046221254112046E-4)
(5819,1.1046221254112046E-4)
(1804,4.310197481020451E-6)
(9297,1.1046221254112046E-4)
(6658,1.1046221254112046E-4)
(7017,1.1046221254112046E-4)
(4205,5.3612075311204505E-6)
(9338,1.1046221254112046E-4)
(4337,1.1046221254112046E-4)
(7284,1.1046221254112046E-4)
(5143,1.1046221254112046E-4)
(5440,1.1046221254112046E-4)
(8513,1.1046221254112046E-4)
(2566,1.1046221254112046E-4)
(4575,1.1046221254112046E-4)
(5022,1.1046221254112046E-4)
(9080,1.1046221254112046E-4)
(8946,1.1046221254112046E-4)
(2140,1.1046221254112046E-4)
(8832,1.1046221254112046E-4)
(4043,1.1046221254112046E-4)
(1066,1.1046221254112046E-4)
(843,1.1046221254112046E-4)
(2713,1.1046221254112046E-4)
(2812,1.1046221254112046E-4)
(6144,1.1046221254112046E-4)
(858,1.1046221254112046E-4)
(825,1.1046221254112046E-4)
(9800,1.1046221254112046E-4)
(9165,1.1046221254112046E-4)
(3934,1.1046221254112046E-4)
(2108,8.452212541120452E-6)
(410,1.0462212541120453E-5)
(535,1.1046221254112046E-4)
(5136,1.1046221254112046E-4)
(8964,1.1046221254112046E-4)
(5598,1.1046221254112046E-4)
(6379,1.1046221254112046E-4)
(6845,1.1046221254112046E-4)
(9781,1.1046221254112046E-4)
(7145,1.1046221254112046E-4)
(9668,1.1046221254112046E-4)
(8117,1.1046221254112046E-4)
(6265,1.1046221254112046E-4)
(8308,8.452212541120452E-6)
(3651,1.1046221254112046E-4)
(9727,1.1046221254112046E-4)
(5749,1.1046221254112046E-4)
(6676,1.1046221254112046E-4)
(6746,1.1046221254112046E-4)
(3901,1.0936852726843613E-6)
(6386,1.1046221254112046E-4)
(9480,1.1046221254112046E-4)
(1998,1.1046221254112046E-4)
(3273,1.1046221254112046E-4)
(3570,1.1046221254112046E-4)
(3046,1.1046221254112046E-4)
(5587,1.1046221254112046E-4)
(9925,1.1046221254112046E-4)
(4216,1.1046221254112046E-4)
(623,1.1046221254112046E-4)
(748,1.1046221254112046E-4)
(4524,1.1046221254112046E-4)
(9264,1.1046221254112046E-4)
(7152,1.1046221254112046E-4)
(2214,1.1046221254112046E-4)
(4047,1.1046221254112046E-4)
(9774,1.1046221254112046E-4)
(2687,1.1046221254112046E-4)
(6250,1.1046221254112046E-4)
(72,1.1046221254112046E-4)
(1286,1.1046221254112046E-4)
(160,1.1046221254112046E-4)
(5451,1.1046221254112046E-4)
(5271,1.1046221254112046E-4)
(5763,1.1046221254112046E-4)
(6962,1.1046221254112046E-4)
(8982,1.1046221254112046E-4)
(2092,1.1046221254112046E-4)
(6409,9.462212541120453E-6)
(2757,1.1046221254112046E-4)
(5947,1.1046221254112046E-4)
(5367,1.1046221254112046E-4)
(6306,6.401811541120451E-6)
(6951,1.1046221254112046E-4)
(6878,1.1046221254112046E-4)
(6647,1.1046221254112046E-4)
(5668,1.1046221254112046E-4)
(928,1.1046221254112046E-4)
(7648,1.1046221254112046E-4)
(1132,1.1046221254112046E-4)
(5756,1.1046221254112046E-4)
(3413,1.1046221254112046E-4)
(3509,9.462212541120453E-6)
(4557,1.1046221254112046E-4)
(7185,1.1046221254112046E-4)
(692,1.1046221254112046E-4)
(1411,1.1046221254112046E-4)
(8968,1.1046221254112046E-4)
(3655,1.1046221254112046E-4)
(2492,1.1046221254112046E-4)
(9983,1.1046221254112046E-4)
(7307,7.432112541120452E-6)
(157,1.1046221254112046E-4)
(315,1.1046221254112046E-4)
(454,1.1046221254112046E-4)
(7956,1.1046221254112046E-4)
(9709,9.462212541120453E-6)
(3329,1.1046221254112046E-4)
(7336,1.1046221254112046E-4)
(1969,1.1046221254112046E-4)
(1187,1.1046221254112046E-4)
(854,1.1046221254112046E-4)
(6030,1.1046221254112046E-4)
(5895,1.1046221254112046E-4)
(1367,1.1046221254112046E-4)
(9763,1.1046221254112046E-4)
(6816,1.1046221254112046E-4)
(1819,1.1046221254112046E-4)
(5246,1.1046221254112046E-4)
(8128,1.1046221254112046E-4)
(1532,1.1046221254112046E-4)
(311,1.1046221254112046E-4)
(8818,1.1046221254112046E-4)
(1301,1.0936852726843613E-6)
(9734,1.1046221254112046E-4)
(3747,1.1046221254112046E-4)
(9132,1.1046221254112046E-4)
(8535,1.1046221254112046E-4)
(4018,1.1046221254112046E-4)
(7013,1.1046221254112046E-4)
(2254,1.1046221254112046E-4)
(6108,8.452212541120452E-6)
(1080,1.1046221254112046E-4)
(7538,1.1046221254112046E-4)
(2159,1.1046221254112046E-4)
(1752,1.1046221254112046E-4)
(1808,8.452212541120452E-6)
(2427,1.1046221254112046E-4)
(4715,1.1046221254112046E-4)
(8469,1.1046221254112046E-4)
(7178,1.1046221254112046E-4)
(3949,1.1046221254112046E-4)
(6137,1.1046221254112046E-4)
(340,1.1046221254112046E-4)
(1679,1.1046221254112046E-4)
(5628,1.1046221254112046E-4)
(2995,1.1046221254112046E-4)
(1635,1.1046221254112046E-4)
(9507,7.432112541120452E-6)
(7471,1.1046221254112046E-4)
(2955,1.1046221254112046E-4)
(3505,5.3612075311204505E-6)
(7442,1.1046221254112046E-4)
(3637,1.1046221254112046E-4)
(2243,1.1046221254112046E-4)
(1190,1.1046221254112046E-4)
(3534,1.1046221254112046E-4)
(773,1.1046221254112046E-4)
(4418,1.1046221254112046E-4)
(9187,1.1046221254112046E-4)
(2739,1.1046221254112046E-4)
(9646,1.1046221254112046E-4)
(5000,1.1046221254112046E-4)
(1297,1.1046221254112046E-4)
(3673,1.1046221254112046E-4)
(5521,1.1046221254112046E-4)
(8087,1.1046221254112046E-4)
(2827,1.1046221254112046E-4)
(1590,1.1046221254112046E-4)
(1859,1.1046221254112046E-4)
(238,1.1046221254112046E-4)
(3963,1.1046221254112046E-4)
(7556,1.1046221254112046E-4)
(2463,1.1046221254112046E-4)
(4296,1.1046221254112046E-4)
(7251,1.1046221254112046E-4)
(7592,1.1046221254112046E-4)
(6191,1.1046221254112046E-4)
(2654,1.1046221254112046E-4)
(4366,1.1046221254112046E-4)
(9044,1.1046221254112046E-4)
(8245,1.1046221254112046E-4)
(2991,1.1046221254112046E-4)
(6207,7.432112541120452E-6)
(2555,1.1046221254112046E-4)
(4582,1.1046221254112046E-4)
(4263,1.1046221254112046E-4)
(1462,1.1046221254112046E-4)
(7530,1.1046221254112046E-4)
(3442,1.1046221254112046E-4)
(4766,1.1046221254112046E-4)
(6908,8.452212541120452E-6)
(3259,1.1046221254112046E-4)
(7093,1.1046221254112046E-4)
(5620,1.1046221254112046E-4)
(700,1.1046221254112046E-4)
(8814,1.1046221254112046E-4)
(25,1.1046221254112046E-4)
(3464,1.1046221254112046E-4)
(7406,6.401811541120451E-6)
(2474,1.1046221254112046E-4)
(6937,1.1046221254112046E-4)
(4850,1.1046221254112046E-4)
(1239,1.1046221254112046E-4)
(9235,1.1046221254112046E-4)
(1448,1.1046221254112046E-4)
(1693,1.1046221254112046E-4)
(3071,1.1046221254112046E-4)
(5297,1.1046221254112046E-4)
(2100,1.1046221254112046E-4)
(9323,1.1046221254112046E-4)
(4513,1.1046221254112046E-4)
(872,1.1046221254112046E-4)
(3985,1.1046221254112046E-4)
(539,1.1046221254112046E-4)
(2016,1.1046221254112046E-4)
(4355,1.1046221254112046E-4)
(3031,1.1046221254112046E-4)
(8003,3.248677330419451E-6)
(6357,1.1046221254112046E-4)
(6621,1.1046221254112046E-4)
(5370,1.1046221254112046E-4)
(814,1.1046221254112046E-4)
(9309,9.462212541120453E-6)
(7303,3.248677330419451E-6)
(3204,4.310197481020451E-6)
(4593,1.1046221254112046E-4)
(2999,1.1046221254112046E-4)
(76,1.1046221254112046E-4)
(3350,1.1046221254112046E-4)
(1598,1.1046221254112046E-4)
(2728,1.1046221254112046E-4)
(2926,1.1046221254112046E-4)
(9583,1.1046221254112046E-4)
(7893,1.1046221254112046E-4)
(8557,1.1046221254112046E-4)
(2258,1.1046221254112046E-4)
(2610,1.0462212541120453E-5)
(2081,1.1046221254112046E-4)
(9895,1.1046221254112046E-4)
(865,1.1046221254112046E-4)
(6122,1.1046221254112046E-4)
(9903,3.248677330419451E-6)
(5778,1.1046221254112046E-4)
(5077,1.1046221254112046E-4)
(6782,1.1046221254112046E-4)
(9547,1.1046221254112046E-4)
(3875,1.1046221254112046E-4)
(9190,1.1046221254112046E-4)
(1026,1.1046221254112046E-4)
(4807,7.432112541120452E-6)
(4825,1.1046221254112046E-4)
(8300,1.1046221254112046E-4)
(2328,1.1046221254112046E-4)
(9907,7.432112541120452E-6)
(1044,1.1046221254112046E-4)
(3695,1.1046221254112046E-4)
(175,1.1046221254112046E-4)
(2867,1.1046221254112046E-4)
(9147,1.1046221254112046E-4)
(8780,1.1046221254112046E-4)
(2294,1.1046221254112046E-4)
(5129,1.1046221254112046E-4)
(7031,1.1046221254112046E-4)
(7970,1.1046221254112046E-4)
(553,1.1046221254112046E-4)
(3028,1.1046221254112046E-4)
(5352,1.1046221254112046E-4)
(3435,1.1046221254112046E-4)
(4832,1.1046221254112046E-4)
(6771,1.1046221254112046E-4)
(7071,1.1046221254112046E-4)
(8586,1.1046221254112046E-4)
(8410,1.0462212541120453E-5)
(6867,1.1046221254112046E-4)
(3237,1.1046221254112046E-4)
(4751,1.1046221254112046E-4)
(2449,1.1046221254112046E-4)
(3608,8.452212541120452E-6)
(8113,1.1046221254112046E-4)
(6922,1.1046221254112046E-4)
(5785,1.1046221254112046E-4)
(8395,1.1046221254112046E-4)
(3596,1.1046221254112046E-4)
(726,1.1046221254112046E-4)
(9037,1.1046221254112046E-4)
(146,1.1046221254112046E-4)
(2386,1.1046221254112046E-4)
(245,1.1046221254112046E-4)
(2298,1.1046221254112046E-4)
(1763,1.1046221254112046E-4)
(6573,1.1046221254112046E-4)
(50,1.1046221254112046E-4)
(87,1.1046221254112046E-4)
(3226,1.1046221254112046E-4)
(1118,1.1046221254112046E-4)
(1183,1.1046221254112046E-4)
(6984,1.1046221254112046E-4)
(4102,2.1765419783124415E-6)
(8890,1.1046221254112046E-4)
(1965,1.1046221254112046E-4)
(4344,1.1046221254112046E-4)
(8928,1.1046221254112046E-4)
(8436,1.1046221254112046E-4)
(3039,1.1046221254112046E-4)
(1657,1.1046221254112046E-4)
(7039,1.1046221254112046E-4)
(4432,1.1046221254112046E-4)
(6940,1.1046221254112046E-4)
(8645,1.1046221254112046E-4)
(7460,1.1046221254112046E-4)
(7501,1.0936852726843613E-6)
(6393,1.1046221254112046E-4)
(9561,1.1046221254112046E-4)
(4722,1.1046221254112046E-4)
(8391,1.1046221254112046E-4)
(8759,1.1046221254112046E-4)
(8667,1.1046221254112046E-4)
(4171,1.1046221254112046E-4)
(5260,1.1046221254112046E-4)
(531,1.1046221254112046E-4)
(4531,1.1046221254112046E-4)
(7901,1.0936852726843613E-6)
(7420,1.1046221254112046E-4)
(2335,1.1046221254112046E-4)
(4638,1.1046221254112046E-4)
(9381,1.1046221254112046E-4)
(4322,1.1046221254112046E-4)
(9268,1.1046221254112046E-4)
(8854,1.1046221254112046E-4)
(8238,1.1046221254112046E-4)
(230,1.1046221254112046E-4)
(5961,1.1046221254112046E-4)
(8205,5.3612075311204505E-6)
(7886,1.1046221254112046E-4)
(4238,1.1046221254112046E-4)
(2724,1.1046221254112046E-4)
(5422,1.1046221254112046E-4)
(7978,1.1046221254112046E-4)
(6955,1.1046221254112046E-4)
(8267,1.1046221254112046E-4)
(7468,1.1046221254112046E-4)
(2034,1.1046221254112046E-4)
(4083,1.1046221254112046E-4)
(7402,2.1765419783124415E-6)
(7192,1.1046221254112046E-4)
(8542,1.1046221254112046E-4)
(612,1.1046221254112046E-4)
(8098,1.1046221254112046E-4)
(6504,4.310197481020451E-6)
(8917,1.1046221254112046E-4)
(2085,1.1046221254112046E-4)
(3882,1.1046221254112046E-4)
(1091,1.1046221254112046E-4)
(4762,1.1046221254112046E-4)
(5161,1.1046221254112046E-4)
(5554,1.1046221254112046E-4)
(5040,1.1046221254112046E-4)
(2591,1.1046221254112046E-4)
(7758,1.1046221254112046E-4)
(1682,1.1046221254112046E-4)
(2959,1.1046221254112046E-4)
(9312,1.1046221254112046E-4)
(9000,1.1046221254112046E-4)
(6005,5.3612075311204505E-6)
(7523,1.1046221254112046E-4)
(1459,1.1046221254112046E-4)
(2915,1.1046221254112046E-4)
(8803,3.248677330419451E-6)
(7141,1.1046221254112046E-4)
(3615,1.1046221254112046E-4)
(9518,1.1046221254112046E-4)
(8616,1.1046221254112046E-4)
(4898,1.1046221254112046E-4)
(212,1.1046221254112046E-4)
(2353,1.1046221254112046E-4)
(9572,1.1046221254112046E-4)
(564,1.1046221254112046E-4)
(5103,3.248677330419451E-6)
(4821,1.1046221254112046E-4)
(7204,4.310197481020451E-6)
(1671,1.1046221254112046E-4)
(6694,1.1046221254112046E-4)
(9914,1.1046221254112046E-4)
(6966,1.1046221254112046E-4)
(6926,1.1046221254112046E-4)
(4201,1.0936852726843613E-6)
(8708,8.452212541120452E-6)
(3006,6.401811541120451E-6)
(4098,1.1046221254112046E-4)
(1422,1.1046221254112046E-4)
(5682,1.1046221254112046E-4)
(450,1.1046221254112046E-4)
(9543,1.1046221254112046E-4)
(5536,1.1046221254112046E-4)
(9363,1.1046221254112046E-4)
(2908,8.452212541120452E-6)
(5705,5.3612075311204505E-6)
(8252,1.1046221254112046E-4)
(3387,1.1046221254112046E-4)
(9811,1.1046221254112046E-4)
(678,1.1046221254112046E-4)
(3372,1.1046221254112046E-4)
(3486,1.1046221254112046E-4)
(1837,1.1046221254112046E-4)
(4605,5.3612075311204505E-6)
(4072,1.1046221254112046E-4)
(3152,1.1046221254112046E-4)
(5804,4.310197481020451E-6)
(487,1.1046221254112046E-4)
(5983,1.1046221254112046E-4)
(5437,1.1046221254112046E-4)
(649,1.1046221254112046E-4)
(5624,1.1046221254112046E-4)
(2360,1.1046221254112046E-4)
(4696,1.1046221254112046E-4)
(414,1.1046221254112046E-4)
(4483,1.1046221254112046E-4)
(8685,1.1046221254112046E-4)
(3468,1.1046221254112046E-4)
(7266,1.1046221254112046E-4)
(7527,1.1046221254112046E-4)
(7703,3.248677330419451E-6)
(8704,4.310197481020451E-6)
(6760,1.1046221254112046E-4)
(3123,1.1046221254112046E-4)
(7828,1.1046221254112046E-4)
(7952,1.1046221254112046E-4)
(3211,1.1046221254112046E-4)
(8887,1.1046221254112046E-4)
(6434,1.1046221254112046E-4)
(9778,1.1046221254112046E-4)
(9576,1.1046221254112046E-4)
(7585,1.1046221254112046E-4)
(8223,1.1046221254112046E-4)
(5569,1.1046221254112046E-4)
(5480,1.1046221254112046E-4)
(4902,2.1765419783124415E-6)
(4517,1.1046221254112046E-4)
(1385,1.1046221254112046E-4)
(7211,1.1046221254112046E-4)
(5330,1.1046221254112046E-4)
(8553,1.1046221254112046E-4)
(90,1.1046221254112046E-4)
(4744,1.1046221254112046E-4)
(5484,1.1046221254112046E-4)
(1565,1.1046221254112046E-4)
(3457,1.1046221254112046E-4)
(3967,1.1046221254112046E-4)
(7651,1.1046221254112046E-4)
(9004,4.310197481020451E-6)
(7619,1.1046221254112046E-4)
(8373,1.1046221254112046E-4)
(9136,1.1046221254112046E-4)
(1550,1.1046221254112046E-4)
(6731,1.1046221254112046E-4)
(2988,1.1046221254112046E-4)
(6045,1.1046221254112046E-4)
(1987,1.1046221254112046E-4)
(1642,1.1046221254112046E-4)
(9198,1.1046221254112046E-4)
(7798,1.1046221254112046E-4)
(1833,1.1046221254112046E-4)
(7273,1.1046221254112046E-4)
(9602,2.1765419783124415E-6)
(7549,1.1046221254112046E-4)
(9705,5.3612075311204505E-6)
(3945,1.1046221254112046E-4)
(5815,1.1046221254112046E-4)
(8755,1.1046221254112046E-4)
(7992,1.1046221254112046E-4)
(43,1.1046221254112046E-4)
(1929,1.1046221254112046E-4)
(7985,1.1046221254112046E-4)
(1738,1.1046221254112046E-4)
(5590,1.1046221254112046E-4)
(3909,9.462212541120453E-6)
(2760,1.1046221254112046E-4)
(4685,1.1046221254112046E-4)
(5312,1.1046221254112046E-4)
(391,1.1046221254112046E-4)
(3145,1.1046221254112046E-4)
(9701,1.0936852726843613E-6)
(3703,3.248677330419451E-6)
(4616,1.1046221254112046E-4)
(766,1.1046221254112046E-4)
(2650,1.1046221254112046E-4)
(9121,1.1046221254112046E-4)
(799,1.1046221254112046E-4)
(4234,1.1046221254112046E-4)
(6702,2.1765419783124415E-6)
(7134,1.1046221254112046E-4)
(8072,1.1046221254112046E-4)
(8531,1.1046221254112046E-4)
(5411,1.1046221254112046E-4)
(2030,1.1046221254112046E-4)
(9804,4.310197481020451E-6)
(494,1.1046221254112046E-4)
(3196,1.1046221254112046E-4)
(2067,1.1046221254112046E-4)
(6607,7.432112541120452E-6)
(8777,1.1046221254112046E-4)
(5084,1.1046221254112046E-4)
(6812,1.1046221254112046E-4)
(9642,1.1046221254112046E-4)
(6665,1.1046221254112046E-4)
(355,1.1046221254112046E-4)
(8971,1.1046221254112046E-4)
(1514,1.1046221254112046E-4)
(4359,1.1046221254112046E-4)
(9217,1.1046221254112046E-4)
(5323,1.1046221254112046E-4)
(8182,1.1046221254112046E-4)
(6654,1.1046221254112046E-4)
(3989,1.1046221254112046E-4)
(4157,1.1046221254112046E-4)
(2496,1.1046221254112046E-4)
(847,1.1046221254112046E-4)
(4311,1.1046221254112046E-4)
(5859,1.1046221254112046E-4)
(784,1.1046221254112046E-4)
(3585,1.1046221254112046E-4)
(5745,1.1046221254112046E-4)
(5767,1.1046221254112046E-4)
(5499,1.1046221254112046E-4)
(8216,1.1046221254112046E-4)
(472,1.1046221254112046E-4)
(1499,1.1046221254112046E-4)
(6104,4.310197481020451E-6)
(2911,1.1046221254112046E-4)
(2973,1.1046221254112046E-4)
(8384,1.1046221254112046E-4)
(4609,9.462212541120453E-6)
(5561,1.1046221254112046E-4)
(18,1.1046221254112046E-4)
(4876,1.1046221254112046E-4)
(7578,1.1046221254112046E-4)
(7974,1.1046221254112046E-4)
(5851,1.1046221254112046E-4)
(6724,1.1046221254112046E-4)
(9503,3.248677330419451E-6)
(1873,1.1046221254112046E-4)
(4737,1.1046221254112046E-4)
(5239,1.1046221254112046E-4)
(7736,1.1046221254112046E-4)
(5268,1.1046221254112046E-4)
(5529,1.1046221254112046E-4)
(1983,1.1046221254112046E-4)
(6881,1.1046221254112046E-4)
(7428,1.1046221254112046E-4)
(3299,1.1046221254112046E-4)
(3394,1.1046221254112046E-4)
(5950,1.1046221254112046E-4)
(6706,6.401811541120451E-6)
(5389,1.1046221254112046E-4)
(7813,1.1046221254112046E-4)
(5547,1.1046221254112046E-4)
(8773,1.1046221254112046E-4)
(2595,1.1046221254112046E-4)
(2063,1.1046221254112046E-4)
(4160,1.1046221254112046E-4)
(5158,1.1046221254112046E-4)
(9158,1.1046221254112046E-4)
(7765,1.1046221254112046E-4)
(6599,1.1046221254112046E-4)
(9282,1.1046221254112046E-4)
(4975,1.1046221254112046E-4)
(917,1.1046221254112046E-4)
(4542,1.1046221254112046E-4)
(4979,1.1046221254112046E-4)
(1073,1.1046221254112046E-4)
(931,1.1046221254112046E-4)
(5969,1.1046221254112046E-4)
(458,1.1046221254112046E-4)
(3783,1.1046221254112046E-4)
(9826,1.1046221254112046E-4)
(979,1.1046221254112046E-4)
(9271,1.1046221254112046E-4)
(1282,1.1046221254112046E-4)
(98,1.1046221254112046E-4)
(5385,1.1046221254112046E-4)
(2665,1.1046221254112046E-4)
(8094,1.1046221254112046E-4)
(1440,1.1046221254112046E-4)
(3097,1.1046221254112046E-4)
(6896,1.1046221254112046E-4)
(9176,1.1046221254112046E-4)
(601,1.0936852726843613E-6)
(902,2.1765419783124415E-6)
(7343,1.1046221254112046E-4)
(3475,1.1046221254112046E-4)
(3112,1.1046221254112046E-4)
(3831,1.1046221254112046E-4)
(6243,1.1046221254112046E-4)
(7394,1.1046221254112046E-4)
(1015,1.1046221254112046E-4)
(4748,1.1046221254112046E-4)
(9477,1.1046221254112046E-4)
(6449,1.1046221254112046E-4)
(1316,1.1046221254112046E-4)
(2647,1.1046221254112046E-4)
(2012,1.1046221254112046E-4)
(2874,1.1046221254112046E-4)
(7219,1.1046221254112046E-4)
(2889,1.1046221254112046E-4)
(1341,1.1046221254112046E-4)
(296,1.1046221254112046E-4)
(9972,1.1046221254112046E-4)
(4377,1.1046221254112046E-4)
(7688,1.1046221254112046E-4)
(9107,7.432112541120452E-6)
(9448,1.1046221254112046E-4)
(8083,1.1046221254112046E-4)
(9767,1.1046221254112046E-4)
(1840,1.1046221254112046E-4)
(9639,1.1046221254112046E-4)
(2199,1.1046221254112046E-4)
(7189,1.1046221254112046E-4)
(7761,1.1046221254112046E-4)
(4887,1.1046221254112046E-4)
(5264,1.1046221254112046E-4)
(5972,1.1046221254112046E-4)
(6720,1.1046221254112046E-4)
(8142,1.1046221254112046E-4)
(2805,5.3612075311204505E-6)
(3820,1.1046221254112046E-4)
(5796,1.1046221254112046E-4)
(3402,2.1765419783124415E-6)
(7497,1.1046221254112046E-4)
(5224,1.1046221254112046E-4)
(993,1.1046221254112046E-4)
(6119,1.1046221254112046E-4)
(7945,1.1046221254112046E-4)
(9293,1.1046221254112046E-4)
(8447,1.1046221254112046E-4)
(362,1.1046221254112046E-4)
(1778,1.1046221254112046E-4)
(4179,1.1046221254112046E-4)
(1884,1.1046221254112046E-4)
(4865,1.1046221254112046E-4)
(8359,1.1046221254112046E-4)
(9396,1.1046221254112046E-4)
(4649,1.1046221254112046E-4)
(6551,1.1046221254112046E-4)
(7453,1.1046221254112046E-4)
(1723,1.1046221254112046E-4)
(1037,1.1046221254112046E-4)
(2940,1.1046221254112046E-4)
(1107,7.432112541120452E-6)
(8414,1.1046221254112046E-4)
(5635,1.1046221254112046E-4)
(4674,1.1046221254112046E-4)
(704,4.310197481020451E-6)
(8050,1.1046221254112046E-4)
(4124,1.1046221254112046E-4)
(5679,1.1046221254112046E-4)
(6559,1.1046221254112046E-4)
(1147,1.1046221254112046E-4)
(1309,9.462212541120453E-6)
(3343,1.1046221254112046E-4)
(818,1.1046221254112046E-4)
(6452,1.1046221254112046E-4)
(4858,1.1046221254112046E-4)
(2166,1.1046221254112046E-4)
(278,1.1046221254112046E-4)
(9422,1.1046221254112046E-4)
(5987,1.1046221254112046E-4)
(1943,1.1046221254112046E-4)
(6915,1.1046221254112046E-4)
(5051,1.1046221254112046E-4)
(9062,1.1046221254112046E-4)
(2896,1.1046221254112046E-4)
(8935,1.1046221254112046E-4)
(2577,1.1046221254112046E-4)
(6991,1.1046221254112046E-4)
(7431,1.1046221254112046E-4)
(1686,1.1046221254112046E-4)
(2559,1.1046221254112046E-4)
(6430,1.1046221254112046E-4)
(5459,1.1046221254112046E-4)
(8726,1.1046221254112046E-4)
(5576,1.1046221254112046E-4)
(5381,1.1046221254112046E-4)
(3020,1.1046221254112046E-4)
(6070,1.1046221254112046E-4)
(4223,1.1046221254112046E-4)
(2676,1.1046221254112046E-4)
(3240,1.1046221254112046E-4)
(5532,1.1046221254112046E-4)
(5426,1.1046221254112046E-4)
(1370,1.1046221254112046E-4)
(2434,1.1046221254112046E-4)
(7233,1.1046221254112046E-4)
(168,1.1046221254112046E-4)
(7482,1.1046221254112046E-4)
(8032,1.1046221254112046E-4)
(546,1.1046221254112046E-4)
(8821,1.1046221254112046E-4)
(1312,1.1046221254112046E-4)
(7075,1.1046221254112046E-4)
(252,1.1046221254112046E-4)
(7684,1.1046221254112046E-4)
(9015,1.1046221254112046E-4)
(3167,1.1046221254112046E-4)
(7611,1.1046221254112046E-4)
(9837,1.1046221254112046E-4)
(3710,1.0462212541120453E-5)
(1363,1.1046221254112046E-4)
(7358,1.1046221254112046E-4)
(957,1.1046221254112046E-4)
(2944,1.1046221254112046E-4)
(3358,1.1046221254112046E-4)
(2870,1.1046221254112046E-4)
(5657,1.1046221254112046E-4)
(4601,1.0936852726843613E-6)
(7680,1.1046221254112046E-4)
(8120,1.1046221254112046E-4)
(4890,1.1046221254112046E-4)
(971,1.1046221254112046E-4)
(1925,1.1046221254112046E-4)
(1947,1.1046221254112046E-4)
(65,1.1046221254112046E-4)
(5150,1.1046221254112046E-4)
(1518,1.1046221254112046E-4)
(3718,1.1046221254112046E-4)
(359,1.1046221254112046E-4)
(8322,1.1046221254112046E-4)
(4252,1.1046221254112046E-4)
(7156,1.1046221254112046E-4)
(5862,1.1046221254112046E-4)
(8810,1.0462212541120453E-5)
(5165,1.1046221254112046E-4)
(7963,1.1046221254112046E-4)
(4340,1.1046221254112046E-4)
(5228,1.1046221254112046E-4)
(1396,1.1046221254112046E-4)
(7457,1.1046221254112046E-4)
(9686,1.1046221254112046E-4)
(1862,1.1046221254112046E-4)
(3109,9.462212541120453E-6)
(380,1.1046221254112046E-4)
(4168,1.1046221254112046E-4)
(7181,1.1046221254112046E-4)
(8058,1.1046221254112046E-4)
(8432,1.1046221254112046E-4)
(894,1.1046221254112046E-4)
(8380,1.1046221254112046E-4)
(7475,1.1046221254112046E-4)
(9741,1.1046221254112046E-4)
(4960,1.1046221254112046E-4)
(5510,1.0462212541120453E-5)
(8227,1.1046221254112046E-4)
(6049,1.1046221254112046E-4)
(6632,1.1046221254112046E-4)
(4036,1.1046221254112046E-4)
(1231,1.1046221254112046E-4)
(2669,1.1046221254112046E-4)
(469,1.1046221254112046E-4)
(2735,1.1046221254112046E-4)
(8069,1.1046221254112046E-4)
(1895,1.1046221254112046E-4)
(6786,1.1046221254112046E-4)
(113,1.1046221254112046E-4)
(759,1.1046221254112046E-4)
(4469,1.1046221254112046E-4)
(4373,1.1046221254112046E-4)
(3549,1.1046221254112046E-4)
(3790,1.1046221254112046E-4)
(4869,1.1046221254112046E-4)
(7802,2.1765419783124415E-6)
(1525,1.1046221254112046E-4)
(9033,1.1046221254112046E-4)
(7857,1.1046221254112046E-4)
(9352,1.1046221254112046E-4)
(7934,1.1046221254112046E-4)
(1165,1.1046221254112046E-4)
(6977,1.1046221254112046E-4)
(8153,1.1046221254112046E-4)
(8652,1.1046221254112046E-4)
(4319,1.1046221254112046E-4)
(4711,1.1046221254112046E-4)
(4487,1.1046221254112046E-4)
(9730,1.1046221254112046E-4)
(6313,1.1046221254112046E-4)
(9792,1.1046221254112046E-4)
(2526,1.1046221254112046E-4)
(8681,1.1046221254112046E-4)
(9356,1.1046221254112046E-4)
(7989,1.1046221254112046E-4)
(9965,1.1046221254112046E-4)
(1484,1.1046221254112046E-4)
(5602,2.1765419783124415E-6)
(5914,1.1046221254112046E-4)
(29,1.1046221254112046E-4)
(1158,1.1046221254112046E-4)
(616,1.1046221254112046E-4)
(1491,1.1046221254112046E-4)
(2250,1.1046221254112046E-4)
(715,1.1046221254112046E-4)
(7299,1.1046221254112046E-4)
(179,1.1046221254112046E-4)
(4065,1.1046221254112046E-4)
(1110,1.0462212541120453E-5)
(2229,1.1046221254112046E-4)
(4362,1.1046221254112046E-4)
(6827,1.1046221254112046E-4)
(3376,1.1046221254112046E-4)
(483,1.1046221254112046E-4)
(1745,1.1046221254112046E-4)
(6919,1.1046221254112046E-4)
(6346,1.1046221254112046E-4)
(3714,1.1046221254112046E-4)
(4733,1.1046221254112046E-4)
(9327,1.1046221254112046E-4)
(142,1.1046221254112046E-4)
(4182,1.1046221254112046E-4)
(4924,1.1046221254112046E-4)
(8571,1.1046221254112046E-4)
(9495,1.1046221254112046E-4)
(2856,1.1046221254112046E-4)
(5019,1.1046221254112046E-4)
(304,4.310197481020451E-6)
(2203,3.248677330419451E-6)
(9488,1.1046221254112046E-4)
(425,1.1046221254112046E-4)
(5187,1.1046221254112046E-4)
(2096,1.1046221254112046E-4)
(3824,1.1046221254112046E-4)
(850,1.1046221254112046E-4)
(5671,1.1046221254112046E-4)
(9840,1.1046221254112046E-4)
(2467,1.1046221254112046E-4)
(3086,1.1046221254112046E-4)
(4579,1.1046221254112046E-4)
(3460,1.1046221254112046E-4)
(5462,1.1046221254112046E-4)
(2742,1.1046221254112046E-4)
(9444,1.1046221254112046E-4)
(4700,1.1046221254112046E-4)
(8179,1.1046221254112046E-4)
(4678,1.1046221254112046E-4)
(5943,1.1046221254112046E-4)
(1114,1.1046221254112046E-4)
(2371,1.1046221254112046E-4)
(6485,1.1046221254112046E-4)
(8751,1.1046221254112046E-4)
(4270,1.1046221254112046E-4)
(1536,1.1046221254112046E-4)
(6580,1.1046221254112046E-4)
(1206,6.401811541120451E-6)
(4029,1.1046221254112046E-4)
(9183,1.1046221254112046E-4)
(3295,1.1046221254112046E-4)
(5473,1.1046221254112046E-4)
(5293,1.1046221254112046E-4)
(4612,1.1046221254112046E-4)
(2302,2.1765419783124415E-6)
(2841,1.1046221254112046E-4)
(2126,1.1046221254112046E-4)
(4847,1.1046221254112046E-4)
(6467,1.1046221254112046E-4)
(373,1.1046221254112046E-4)
(9866,1.1046221254112046E-4)
(7439,1.1046221254112046E-4)
(3248,1.1046221254112046E-4)
(6294,1.1046221254112046E-4)
(3736,1.1046221254112046E-4)
(3303,3.248677330419451E-6)
(2694,1.1046221254112046E-4)
(3578,1.1046221254112046E-4)
(6577,1.1046221254112046E-4)
(5932,1.1046221254112046E-4)
(7174,1.1046221254112046E-4)
(8517,1.1046221254112046E-4)
(4292,1.1046221254112046E-4)
(7725,1.1046221254112046E-4)
(1374,1.1046221254112046E-4)
(2753,1.1046221254112046E-4)
(2041,1.1046221254112046E-4)
(6779,1.1046221254112046E-4)
(4931,1.1046221254112046E-4)
(3060,1.1046221254112046E-4)
(3798,1.1046221254112046E-4)
(8986,1.1046221254112046E-4)
(3581,1.1046221254112046E-4)
(6863,1.1046221254112046E-4)
(7259,1.1046221254112046E-4)
(8858,1.1046221254112046E-4)
(2074,1.1046221254112046E-4)
(9929,1.1046221254112046E-4)
(5925,1.1046221254112046E-4)
(2625,1.1046221254112046E-4)
(4465,1.1046221254112046E-4)
(7417,1.1046221254112046E-4)
(6375,1.1046221254112046E-4)
(7846,1.1046221254112046E-4)
(7567,1.1046221254112046E-4)
(54,1.1046221254112046E-4)
(1569,1.1046221254112046E-4)
(1774,1.1046221254112046E-4)
(4795,1.1046221254112046E-4)
(2830,1.1046221254112046E-4)
(3501,1.0936852726843613E-6)
(9851,1.1046221254112046E-4)
(5334,1.1046221254112046E-4)
(1271,1.1046221254112046E-4)
(2485,1.1046221254112046E-4)
(9224,1.1046221254112046E-4)
(1631,1.1046221254112046E-4)
(5338,1.1046221254112046E-4)
(205,5.3612075311204505E-6)
(4212,1.1046221254112046E-4)
(7710,1.0462212541120453E-5)
(803,3.248677330419451E-6)
(7824,1.1046221254112046E-4)
(8197,1.1046221254112046E-4)
(8641,1.1046221254112046E-4)
(3163,1.1046221254112046E-4)
(117,1.1046221254112046E-4)
(4920,1.1046221254112046E-4)
(5770,1.1046221254112046E-4)
(4704,4.310197481020451E-6)
(6870,1.1046221254112046E-4)
(9770,1.1046221254112046E-4)
(8241,1.1046221254112046E-4)
(8285,1.1046221254112046E-4)
(7116,1.1046221254112046E-4)
(8733,1.1046221254112046E-4)
(8674,1.1046221254112046E-4)
(7916,1.1046221254112046E-4)
(337,1.1046221254112046E-4)
(3170,1.1046221254112046E-4)
(241,1.1046221254112046E-4)
(2038,1.1046221254112046E-4)
(6254,1.1046221254112046E-4)
(6397,1.1046221254112046E-4)
(4520,1.1046221254112046E-4)
(1279,1.1046221254112046E-4)
(4586,1.1046221254112046E-4)
(5008,8.452212541120452E-6)
(9716,1.1046221254112046E-4)
(3035,1.1046221254112046E-4)
(9532,1.1046221254112046E-4)
(7927,1.1046221254112046E-4)
(300,1.1046221254112046E-4)
(7208,8.452212541120452E-6)
(7912,1.1046221254112046E-4)
(6441,1.1046221254112046E-4)
(9525,1.1046221254112046E-4)
(6614,1.1046221254112046E-4)
(8274,1.1046221254112046E-4)
(3222,1.1046221254112046E-4)
(1727,1.1046221254112046E-4)
(5073,1.1046221254112046E-4)
(3794,1.1046221254112046E-4)
(7479,1.1046221254112046E-4)
(2027,1.1046221254112046E-4)
(5033,1.1046221254112046E-4)
(722,1.1046221254112046E-4)
(1008,8.452212541120452E-6)
(234,1.1046221254112046E-4)
(4454,1.1046221254112046E-4)
(2618,1.1046221254112046E-4)
(6236,1.1046221254112046E-4)
(942,1.1046221254112046E-4)
(6405,5.3612075311204505E-6)
(5880,1.1046221254112046E-4)
(3255,1.1046221254112046E-4)
(106,6.401811541120451E-6)
(4164,1.1046221254112046E-4)
(4304,4.310197481020451E-6)
(2584,1.1046221254112046E-4)
(1594,1.1046221254112046E-4)
(7321,1.1046221254112046E-4)
(4946,1.1046221254112046E-4)
(407,7.432112541120452E-6)
(1547,1.1046221254112046E-4)
(7086,1.1046221254112046E-4)
(6830,1.1046221254112046E-4)
(5121,1.1046221254112046E-4)
(7376,1.1046221254112046E-4)
(227,1.1046221254112046E-4)
(7604,4.310197481020451E-6)
(1877,1.1046221254112046E-4)
(1741,1.1046221254112046E-4)
(3604,4.310197481020451E-6)
(8407,7.432112541120452E-6)
(9220,1.1046221254112046E-4)
(2809,9.462212541120453E-6)
(5686,1.1046221254112046E-4)
(4982,1.1046221254112046E-4)
(5198,1.1046221254112046E-4)
(6511,1.1046221254112046E-4)
(3181,1.1046221254112046E-4)
(1495,1.1046221254112046E-4)
(3761,1.1046221254112046E-4)
(4399,1.1046221254112046E-4)
(3941,1.1046221254112046E-4)
(2009,9.462212541120453E-6)
(5976,1.1046221254112046E-4)
(7053,1.1046221254112046E-4)
(6508,8.452212541120452E-6)
(7879,1.1046221254112046E-4)
(1202,2.1765419783124415E-6)
(6980,1.1046221254112046E-4)
(1617,1.1046221254112046E-4)
(1444,1.1046221254112046E-4)
(1972,1.1046221254112046E-4)
(4634,1.1046221254112046E-4)
(4964,1.1046221254112046E-4)
(2122,1.1046221254112046E-4)
(674,1.1046221254112046E-4)
(5741,1.1046221254112046E-4)
(1936,1.1046221254112046E-4)
(3266,1.1046221254112046E-4)
(1891,1.1046221254112046E-4)
(5169,1.1046221254112046E-4)
(5011,1.1046221254112046E-4)
(4281,1.1046221254112046E-4)
(9305,5.3612075311204505E-6)
(3574,1.1046221254112046E-4)
(2966,1.1046221254112046E-4)
(2265,1.1046221254112046E-4)
(8799,1.1046221254112046E-4)
(1129,1.1046221254112046E-4)
(9084,1.1046221254112046E-4)
(7295,1.1046221254112046E-4)
(7589,1.1046221254112046E-4)
(3817,1.1046221254112046E-4)
(9624,1.1046221254112046E-4)
(83,1.1046221254112046E-4)
(9657,1.1046221254112046E-4)
(1217,1.1046221254112046E-4)
(6261,1.1046221254112046E-4)
(3417,1.1046221254112046E-4)
(9682,1.1046221254112046E-4)
(5716,1.1046221254112046E-4)
(6427,1.1046221254112046E-4)
(7747,1.1046221254112046E-4)
(6151,1.1046221254112046E-4)
(4153,1.1046221254112046E-4)
(5507,7.432112541120452E-6)
(9330,1.1046221254112046E-4)
(6203,3.248677330419451E-6)
(2184,1.1046221254112046E-4)
(1419,1.1046221254112046E-4)
(6764,1.1046221254112046E-4)
(3750,1.1046221254112046E-4)
(4968,1.1046221254112046E-4)
(2878,1.1046221254112046E-4)
(3325,1.1046221254112046E-4)
(9936,1.1046221254112046E-4)
(9095,1.1046221254112046E-4)
(2779,1.1046221254112046E-4)
(5095,1.1046221254112046E-4)
(5257,1.1046221254112046E-4)
(7101,1.0936852726843613E-6)
(461,1.1046221254112046E-4)
(4597,1.1046221254112046E-4)
(6885,1.1046221254112046E-4)
(1264,1.1046221254112046E-4)
(5091,1.1046221254112046E-4)
(6159,1.1046221254112046E-4)
(9026,1.1046221254112046E-4)
(6173,1.1046221254112046E-4)
(1697,1.1046221254112046E-4)
(913,1.1046221254112046E-4)
(6283,1.1046221254112046E-4)
(8872,1.1046221254112046E-4)
(9077,1.1046221254112046E-4)
(7350,1.1046221254112046E-4)
(652,1.1046221254112046E-4)
(7790,1.1046221254112046E-4)
(1473,1.1046221254112046E-4)
(9411,1.1046221254112046E-4)
(3420,1.1046221254112046E-4)
(3439,1.1046221254112046E-4)
(384,1.1046221254112046E-4)
(1620,1.1046221254112046E-4)
(9789,1.1046221254112046E-4)
(14,1.1046221254112046E-4)
(4755,1.1046221254112046E-4)
(3992,1.1046221254112046E-4)
(6728,1.1046221254112046E-4)
(8326,1.1046221254112046E-4)
(3666,1.1046221254112046E-4)
(6012,1.1046221254112046E-4)
(3691,1.1046221254112046E-4)
(2537,1.1046221254112046E-4)
(7280,1.1046221254112046E-4)
(6463,1.1046221254112046E-4)
(3284,1.1046221254112046E-4)
(5998,1.1046221254112046E-4)
(6595,1.1046221254112046E-4)
(6456,1.1046221254112046E-4)
(1055,1.1046221254112046E-4)
(3600,1.1046221254112046E-4)
(2816,1.1046221254112046E-4)
(9712,1.1046221254112046E-4)
(8568,1.1046221254112046E-4)
(1084,1.1046221254112046E-4)
(1851,1.1046221254112046E-4)
(7570,1.1046221254112046E-4)
(4917,1.1046221254112046E-4)
(4278,1.1046221254112046E-4)
(1242,1.1046221254112046E-4)
(1668,1.1046221254112046E-4)
(542,1.1046221254112046E-4)
(7871,1.1046221254112046E-4)
(3802,2.1765419783124415E-6)
(4186,1.1046221254112046E-4)
(7868,1.1046221254112046E-4)
(1172,1.1046221254112046E-4)
(8366,1.1046221254112046E-4)
(5066,1.1046221254112046E-4)
(1103,3.248677330419451E-6)
(2409,9.462212541120453E-6)
(8502,2.1765419783124415E-6)
(5400,1.1046221254112046E-4)
(1095,1.1046221254112046E-4)
(557,1.1046221254112046E-4)
(9598,1.1046221254112046E-4)
(4410,1.0462212541120453E-5)
(9110,1.0462212541120453E-5)
(3361,1.1046221254112046E-4)
(2272,1.1046221254112046E-4)
(2977,1.1046221254112046E-4)
(1976,1.1046221254112046E-4)
(3556,1.1046221254112046E-4)
(3765,1.1046221254112046E-4)
(5965,1.1046221254112046E-4)
(3002,2.1765419783124415E-6)
(1220,1.1046221254112046E-4)
(4061,1.1046221254112046E-4)
(1253,1.1046221254112046E-4)
(2364,1.1046221254112046E-4)
(1866,1.1046221254112046E-4)
(3185,1.1046221254112046E-4)
(9969,1.1046221254112046E-4)
(2522,1.1046221254112046E-4)
(5099,1.1046221254112046E-4)
(7413,1.1046221254112046E-4)
(9943,1.1046221254112046E-4)
(3659,1.1046221254112046E-4)
(9862,1.1046221254112046E-4)
(1767,1.1046221254112046E-4)
(418,1.1046221254112046E-4)
(5921,1.1046221254112046E-4)
(9059,1.1046221254112046E-4)
(3288,1.1046221254112046E-4)
(5132,1.1046221254112046E-4)
(708,8.452212541120452E-6)
(6221,1.1046221254112046E-4)
(6500,1.1046221254112046E-4)
(7057,1.1046221254112046E-4)
(9118,1.1046221254112046E-4)
(528,1.1046221254112046E-4)
(7196,1.1046221254112046E-4)
(8201,1.0936852726843613E-6)
(8124,1.1046221254112046E-4)
(2339,1.1046221254112046E-4)
(7361,1.1046221254112046E-4)
(5833,1.1046221254112046E-4)
(6360,1.1046221254112046E-4)
(5026,1.1046221254112046E-4)
(5448,1.1046221254112046E-4)
(5907,7.432112541120452E-6)
(9671,1.1046221254112046E-4)
(4076,1.1046221254112046E-4)
(4803,3.248677330419451E-6)
(3280,1.1046221254112046E-4)
(3192,1.1046221254112046E-4)
(5455,1.1046221254112046E-4)
(2588,1.1046221254112046E-4)
(2049,1.1046221254112046E-4)
(795,1.1046221254112046E-4)
(762,1.1046221254112046E-4)
(1734,1.1046221254112046E-4)
(6438,1.1046221254112046E-4)
(9459,1.1046221254112046E-4)
(7707,7.432112541120452E-6)
(2001,1.0936852726843613E-6)
(6496,1.1046221254112046E-4)
(193,1.1046221254112046E-4)
(7655,1.1046221254112046E-4)
(836,1.1046221254112046E-4)
(4692,1.1046221254112046E-4)
(8292,1.1046221254112046E-4)
(9066,1.1046221254112046E-4)
(1466,1.1046221254112046E-4)
(4384,1.1046221254112046E-4)
(3453,1.1046221254112046E-4)
(9022,1.1046221254112046E-4)
(7064,1.1046221254112046E-4)
(2900,1.1046221254112046E-4)
(1062,1.1046221254112046E-4)
(8711,1.1046221254112046E-4)
(1051,1.1046221254112046E-4)
(3828,1.1046221254112046E-4)
(9194,1.1046221254112046E-4)
(2379,1.1046221254112046E-4)
(9091,1.1046221254112046E-4)
(465,1.1046221254112046E-4)
(7699,1.1046221254112046E-4)
(9051,1.1046221254112046E-4)
(3538,1.1046221254112046E-4)
(3864,1.1046221254112046E-4)
(1019,1.1046221254112046E-4)
(5518,1.1046221254112046E-4)
(6661,1.1046221254112046E-4)
(4256,1.1046221254112046E-4)
(5565,1.1046221254112046E-4)
(8931,1.1046221254112046E-4)
(502,2.1765419783124415E-6)
(1213,1.1046221254112046E-4)
(344,1.1046221254112046E-4)
(1613,1.1046221254112046E-4)
(5118,1.1046221254112046E-4)
(9301,1.0936852726843613E-6)
(1451,1.1046221254112046E-4)
(6999,1.1046221254112046E-4)
(8319,1.1046221254112046E-4)
(3347,1.1046221254112046E-4)
(9958,1.1046221254112046E-4)
(1756,1.1046221254112046E-4)
(4249,1.1046221254112046E-4)
(9260,1.1046221254112046E-4)
(3075,1.1046221254112046E-4)
(2177,1.1046221254112046E-4)
(8656,1.1046221254112046E-4)
(3857,1.1046221254112046E-4)
(3633,1.1046221254112046E-4)
(7123,1.1046221254112046E-4)
(6988,1.1046221254112046E-4)
(8953,1.1046221254112046E-4)
(6492,1.1046221254112046E-4)
(7875,1.1046221254112046E-4)
(7714,1.1046221254112046E-4)
(832,1.1046221254112046E-4)
(5954,1.1046221254112046E-4)
(4450,1.1046221254112046E-4)
(8627,1.1046221254112046E-4)
(6133,1.1046221254112046E-4)
(388,1.1046221254112046E-4)
(69,1.1046221254112046E-4)
(7637,1.1046221254112046E-4)
(975,1.1046221254112046E-4)
(2698,1.1046221254112046E-4)
(9345,1.1046221254112046E-4)
(876,1.1046221254112046E-4)
(36,1.1046221254112046E-4)
(1907,7.432112541120452E-6)
(7244,1.1046221254112046E-4)
(8869,1.1046221254112046E-4)
(7662,1.1046221254112046E-4)
(8601,1.0936852726843613E-6)
(4818,1.1046221254112046E-4)
(1903,3.248677330419451E-6)
(2852,1.1046221254112046E-4)
(3592,1.1046221254112046E-4)
(6302,2.1765419783124415E-6)
(7794,1.1046221254112046E-4)
(2342,1.1046221254112046E-4)
(8678,1.1046221254112046E-4)
(1323,1.1046221254112046E-4)
(2023,1.1046221254112046E-4)
(568,1.1046221254112046E-4)
(5408,8.452212541120452E-6)
(5477,1.1046221254112046E-4)
(3156,1.1046221254112046E-4)
(4429,1.1046221254112046E-4)
(4054,1.1046221254112046E-4)
(6184,1.1046221254112046E-4)
(7769,1.1046221254112046E-4)
(8157,1.1046221254112046E-4)
(8597,1.1046221254112046E-4)
(139,1.1046221254112046E-4)
(520,1.1046221254112046E-4)
(9408,8.452212541120452E-6)
(443,1.1046221254112046E-4)
(3369,1.1046221254112046E-4)
(4759,1.1046221254112046E-4)
(1000,1.1046221254112046E-4)
(1914,1.1046221254112046E-4)
(2793,1.1046221254112046E-4)
(6566,1.1046221254112046E-4)
(3839,1.1046221254112046E-4)
(8278,1.1046221254112046E-4)
(5286,1.1046221254112046E-4)
(2397,1.1046221254112046E-4)
(7783,1.1046221254112046E-4)
(3563,1.1046221254112046E-4)
(5752,1.1046221254112046E-4)
(58,1.1046221254112046E-4)
(3332,1.1046221254112046E-4)
(4498,1.1046221254112046E-4)
(9554,1.1046221254112046E-4)
(6544,1.1046221254112046E-4)
(6089,1.1046221254112046E-4)
(1954,1.1046221254112046E-4)
(890,1.1046221254112046E-4)
(9752,1.1046221254112046E-4)
(5341,1.1046221254112046E-4)
(2838,1.1046221254112046E-4)
(4139,1.1046221254112046E-4)
(5958,1.1046221254112046E-4)
(7806,6.401811541120451E-6)
(2661,1.1046221254112046E-4)
(2746,1.1046221254112046E-4)
(9279,1.1046221254112046E-4)
(4021,1.1046221254112046E-4)
(9631,1.1046221254112046E-4)
(6269,1.1046221254112046E-4)
(1855,1.1046221254112046E-4)
(7006,6.401811541120451E-6)
(8047,1.1046221254112046E-4)
(8348,1.1046221254112046E-4)
(8979,1.1046221254112046E-4)
(201,1.0936852726843613E-6)
(2247,1.1046221254112046E-4)
(9569,1.1046221254112046E-4)
(5697,1.1046221254112046E-4)
(7138,1.1046221254112046E-4)
(3754,1.1046221254112046E-4)
(6669,1.1046221254112046E-4)
(3974,1.1046221254112046E-4)
(9899,1.1046221254112046E-4)
(209,9.462212541120453E-6)
(575,1.1046221254112046E-4)
(4942,1.1046221254112046E-4)
(2881,1.1046221254112046E-4)
(5792,1.1046221254112046E-4)
(6423,1.1046221254112046E-4)
(4568,1.1046221254112046E-4)
(182,1.1046221254112046E-4)
(8234,1.1046221254112046E-4)
(7314,1.1046221254112046E-4)
(2283,1.1046221254112046E-4)
(869,1.1046221254112046E-4)
(2269,1.1046221254112046E-4)
(2937,1.1046221254112046E-4)
(7615,1.1046221254112046E-4)
(6900,1.1046221254112046E-4)
(8296,1.1046221254112046E-4)
(8209,9.462212541120453E-6)
(9213,1.1046221254112046E-4)
(4571,1.1046221254112046E-4)
(3244,1.1046221254112046E-4)
(953,1.1046221254112046E-4)
(1143,1.1046221254112046E-4)
(3545,1.1046221254112046E-4)
(6412,1.1046221254112046E-4)
(6092,1.1046221254112046E-4)
(4490,1.1046221254112046E-4)
(3842,1.1046221254112046E-4)
(8762,1.1046221254112046E-4)
(593,1.1046221254112046E-4)
(8465,1.1046221254112046E-4)
(8689,1.1046221254112046E-4)
(6401,1.0936852726843613E-6)
(7240,1.1046221254112046E-4)
(6588,1.1046221254112046E-4)
(6140,1.1046221254112046E-4)
(8450,1.1046221254112046E-4)
(1356,1.1046221254112046E-4)
(6625,1.1046221254112046E-4)
(7787,1.1046221254112046E-4)
(6225,1.1046221254112046E-4)
(2144,1.1046221254112046E-4)
(2980,1.1046221254112046E-4)
(6199,1.1046221254112046E-4)
(6067,1.1046221254112046E-4)
(5419,1.1046221254112046E-4)
(5727,1.1046221254112046E-4)
(7390,1.1046221254112046E-4)
(5242,1.1046221254112046E-4)
(9433,1.1046221254112046E-4)
(4380,1.1046221254112046E-4)
(7967,1.1046221254112046E-4)
(2768,1.1046221254112046E-4)
(4472,1.1046221254112046E-4)
(670,1.1046221254112046E-4)
(9392,1.1046221254112046E-4)
(6115,1.1046221254112046E-4)
(5639,1.1046221254112046E-4)
(1822,1.1046221254112046E-4)
(2456,1.1046221254112046E-4)
(289,1.1046221254112046E-4)
(4388,1.1046221254112046E-4)
(5378,1.1046221254112046E-4)
(2948,1.1046221254112046E-4)
(6540,1.1046221254112046E-4)
(3105,5.3612075311204505E-6)
(5525,1.1046221254112046E-4)
(8014,1.1046221254112046E-4)
(348,1.1046221254112046E-4)
(9877,1.1046221254112046E-4)
(6214,1.1046221254112046E-4)
(8054,1.1046221254112046E-4)
(6317,1.1046221254112046E-4)
(8483,1.1046221254112046E-4)
(3134,1.1046221254112046E-4)
(4993,1.1046221254112046E-4)
(4953,1.1046221254112046E-4)
(1352,1.1046221254112046E-4)
(7659,1.1046221254112046E-4)
(1639,1.1046221254112046E-4)
(8311,1.1046221254112046E-4)
(2393,1.1046221254112046E-4)
(9521,1.1046221254112046E-4)
(2180,1.1046221254112046E-4)
(447,1.1046221254112046E-4)
(3,3.248677330419451E-6)
(2849,1.1046221254112046E-4)
(6562,1.1046221254112046E-4)
(1455,1.1046221254112046E-4)
(6636,1.1046221254112046E-4)
(1561,1.1046221254112046E-4)
(2346,1.1046221254112046E-4)
(7109,9.462212541120453E-6)
(8638,1.1046221254112046E-4)
(4007,7.432112541120452E-6)
(6210,1.0462212541120453E-5)
(6793,1.1046221254112046E-4)
(7729,1.1046221254112046E-4)
(8025,1.1046221254112046E-4)
(3053,1.1046221254112046E-4)
(4106,6.401811541120451E-6)
(5594,1.1046221254112046E-4)
(8186,1.1046221254112046E-4)
(7365,1.1046221254112046E-4)
(681,1.1046221254112046E-4)
(4928,1.1046221254112046E-4)
(6672,1.1046221254112046E-4)
(9785,1.1046221254112046E-4)
(777,1.1046221254112046E-4)
(8429,1.1046221254112046E-4)
(4308,8.452212541120452E-6)
(9228,1.1046221254112046E-4)
(597,1.1046221254112046E-4)
(2706,6.401811541120451E-6)
(3853,1.1046221254112046E-4)
(9723,1.1046221254112046E-4)
(3318,1.1046221254112046E-4)
(6739,1.1046221254112046E-4)
(4403,3.248677330419451E-6)
(4142,1.1046221254112046E-4)
(711,1.1046221254112046E-4)
(2195,1.1046221254112046E-4)
(7608,8.452212541120452E-6)
(9385,1.1046221254112046E-4)
(5709,9.462212541120453E-6)
(9628,1.1046221254112046E-4)
(2717,1.1046221254112046E-4)
(1338,1.1046221254112046E-4)
(9161,1.1046221254112046E-4)
(7750,1.1046221254112046E-4)
(5404,4.310197481020451E-6)
(4407,7.432112541120452E-6)
(6474,1.1046221254112046E-4)
(4414,1.1046221254112046E-4)
(8146,1.1046221254112046E-4)
(2287,1.1046221254112046E-4)
(1770,1.1046221254112046E-4)
(1664,1.1046221254112046E-4)
(2797,1.1046221254112046E-4)
(1899,1.1046221254112046E-4)
(7127,1.1046221254112046E-4)
(7839,1.1046221254112046E-4)
(4175,1.1046221254112046E-4)
(1293,1.1046221254112046E-4)
(8021,1.1046221254112046E-4)
(3079,1.1046221254112046E-4)
(656,1.1046221254112046E-4)
(740,1.1046221254112046E-4)
(5044,1.1046221254112046E-4)
(1792,1.1046221254112046E-4)
(6001,1.0936852726843613E-6)
(8476,1.1046221254112046E-4)
(4836,1.1046221254112046E-4)
(1583,1.1046221254112046E-4)
(1503,3.248677330419451E-6)
(7981,1.1046221254112046E-4)
(667,1.1046221254112046E-4)
(5309,9.462212541120453E-6)
(8865,1.1046221254112046E-4)
(2306,6.401811541120451E-6)
(2548,1.1046221254112046E-4)
(4421,1.1046221254112046E-4)
(61,1.1046221254112046E-4)
(9378,1.1046221254112046E-4)
(5114,1.1046221254112046E-4)
(9514,1.1046221254112046E-4)
(1521,1.1046221254112046E-4)
(4135,1.1046221254112046E-4)
(9947,1.1046221254112046E-4)
(9976,1.1046221254112046E-4)
(1433,1.1046221254112046E-4)
(7930,1.1046221254112046E-4)
(755,1.1046221254112046E-4)
(5606,6.401811541120451E-6)
(2401,1.0936852726843613E-6)
(1327,1.1046221254112046E-4)
(1844,1.1046221254112046E-4)
(513,1.1046221254112046E-4)
(6797,1.1046221254112046E-4)
(2045,1.1046221254112046E-4)
(8696,1.1046221254112046E-4)
(8579,1.1046221254112046E-4)
(7291,1.1046221254112046E-4)
(7835,1.1046221254112046E-4)
(9558,1.1046221254112046E-4)
(2225,1.1046221254112046E-4)
(5349,1.1046221254112046E-4)
(645,1.1046221254112046E-4)
(6074,1.1046221254112046E-4)
(9400,1.1046221254112046E-4)
(2845,1.1046221254112046E-4)
(3981,1.1046221254112046E-4)
(8168,1.1046221254112046E-4)
(5110,1.0462212541120453E-5)
(5220,1.1046221254112046E-4)
(3813,1.1046221254112046E-4)
(1789,1.1046221254112046E-4)
(3189,1.1046221254112046E-4)
(9172,1.1046221254112046E-4)
(256,1.1046221254112046E-4)
(5495,1.1046221254112046E-4)
(1033,1.1046221254112046E-4)
(8506,6.401811541120451E-6)
(6515,1.1046221254112046E-4)
(8960,1.1046221254112046E-4)
(1400,1.1046221254112046E-4)
(2607,7.432112541120452E-6)
(5781,1.1046221254112046E-4)
(2632,1.1046221254112046E-4)
(9242,1.1046221254112046E-4)
(4131,1.1046221254112046E-4)
(4128,1.1046221254112046E-4)
(399,1.1046221254112046E-4)
(5396,1.1046221254112046E-4)
(2690,1.1046221254112046E-4)
(6188,1.1046221254112046E-4)
(8612,1.1046221254112046E-4)
(3307,7.432112541120452E-6)
(6218,1.1046221254112046E-4)
(3130,1.1046221254112046E-4)
(3930,1.1046221254112046E-4)
(2133,1.1046221254112046E-4)
(7842,1.1046221254112046E-4)
(3310,1.0462212541120453E-5)
(249,1.1046221254112046E-4)
(6027,1.1046221254112046E-4)
(8458,1.1046221254112046E-4)
(1705,5.3612075311204505E-6)
(2892,1.1046221254112046E-4)
(6995,1.1046221254112046E-4)
(2162,1.1046221254112046E-4)
(4719,1.1046221254112046E-4)
(4986,1.1046221254112046E-4)
(1477,1.1046221254112046E-4)
(1408,8.452212541120452E-6)
(6155,1.1046221254112046E-4)
(5774,1.1046221254112046E-4)
(8160,1.1046221254112046E-4)
(1125,1.1046221254112046E-4)
(8993,1.1046221254112046E-4)
(5899,1.1046221254112046E-4)
(5491,1.1046221254112046E-4)
(7237,1.1046221254112046E-4)
(7552,1.1046221254112046E-4)
(6353,1.1046221254112046E-4)
(8090,1.1046221254112046E-4)
(7516,1.1046221254112046E-4)
(9367,1.1046221254112046E-4)
(4395,1.1046221254112046E-4)
(8997,1.1046221254112046E-4)
(8784,1.1046221254112046E-4)
(3644,1.1046221254112046E-4)
(9844,1.1046221254112046E-4)
(8490,1.1046221254112046E-4)
(5514,1.1046221254112046E-4)
(571,1.1046221254112046E-4)
(5213,1.1046221254112046E-4)
(9833,1.1046221254112046E-4)
(2357,1.1046221254112046E-4)
(1022,1.1046221254112046E-4)
(2614,1.1046221254112046E-4)
(3916,1.1046221254112046E-4)
(7909,9.462212541120453E-6)
(1257,1.1046221254112046E-4)
(8737,1.1046221254112046E-4)
(6757,1.1046221254112046E-4)
(5866,1.1046221254112046E-4)
(9693,1.1046221254112046E-4)
(2515,1.1046221254112046E-4)
(1040,1.1046221254112046E-4)
(4546,1.1046221254112046E-4)
(5327,1.1046221254112046E-4)
(3141,1.1046221254112046E-4)
(9918,1.1046221254112046E-4)
(8663,1.1046221254112046E-4)
(6478,1.1046221254112046E-4)
(102,2.1765419783124415E-6)
(2573,1.1046221254112046E-4)
(2148,1.1046221254112046E-4)
(8461,1.1046221254112046E-4)
(3013,1.1046221254112046E-4)
(9114,1.1046221254112046E-4)
(4913,1.1046221254112046E-4)
(5217,1.1046221254112046E-4)
(1701,1.0936852726843613E-6)
(7163,1.1046221254112046E-4)
(5275,1.1046221254112046E-4)
(861,1.1046221254112046E-4)
(7541,1.1046221254112046E-4)
(6889,1.1046221254112046E-4)
(7170,1.1046221254112046E-4)
(2313,1.1046221254112046E-4)
(6232,1.1046221254112046E-4)
(8377,1.1046221254112046E-4)
(9455,1.1046221254112046E-4)
(5444,1.1046221254112046E-4)
(506,6.401811541120451E-6)
(9451,1.1046221254112046E-4)
(1888,1.1046221254112046E-4)
(3482,1.1046221254112046E-4)
(3336,1.1046221254112046E-4)
(9239,1.1046221254112046E-4)
(6698,1.1046221254112046E-4)
(2731,1.1046221254112046E-4)
(935,1.1046221254112046E-4)
(6911,1.1046221254112046E-4)
(9466,1.1046221254112046E-4)
(5004,4.310197481020451E-6)
(5356,1.1046221254112046E-4)
(8135,1.1046221254112046E-4)
(1815,1.1046221254112046E-4)
(8355,1.1046221254112046E-4)
(1059,1.1046221254112046E-4)
(3516,1.1046221254112046E-4)
(6052,1.1046221254112046E-4)
(9499,1.1046221254112046E-4)
(8043,1.1046221254112046E-4)
(7024,1.1046221254112046E-4)
(2478,1.1046221254112046E-4)
(5154,1.1046221254112046E-4)
(6959,1.1046221254112046E-4)
(6690,1.1046221254112046E-4)
(7938,1.1046221254112046E-4)
(2508,8.452212541120452E-6)
(5194,1.1046221254112046E-4)
(3354,1.1046221254112046E-4)
(9349,1.1046221254112046E-4)
(3619,1.1046221254112046E-4)
(8623,1.1046221254112046E-4)
(3321,1.1046221254112046E-4)
(4443,1.1046221254112046E-4)
(9987,1.1046221254112046E-4)
(9426,1.1046221254112046E-4)
(6856,1.1046221254112046E-4)
(7082,1.1046221254112046E-4)
(2056,1.1046221254112046E-4)
(6470,1.1046221254112046E-4)
(5345,1.1046221254112046E-4)
(2438,1.1046221254112046E-4)
(6973,1.1046221254112046E-4)
(9257,1.1046221254112046E-4)
(9370,1.1046221254112046E-4)
(5701,1.0936852726843613E-6)
(3251,1.1046221254112046E-4)
(3776,1.1046221254112046E-4)
(5929,1.1046221254112046E-4)
(94,1.1046221254112046E-4)
(2500,1.1046221254112046E-4)
(3215,1.1046221254112046E-4)
(3970,1.1046221254112046E-4)
(5279,1.1046221254112046E-4)
(8850,1.1046221254112046E-4)
(1136,1.1046221254112046E-4)
(2533,1.1046221254112046E-4)
(2562,1.1046221254112046E-4)
(7060,1.1046221254112046E-4)
(3497,1.1046221254112046E-4)
(7387,1.1046221254112046E-4)
(3101,1.0936852726843613E-6)
(7534,1.1046221254112046E-4)
(5202,2.1765419783124415E-6)
(8847,1.1046221254112046E-4)
(5433,1.1046221254112046E-4)
(8564,1.1046221254112046E-4)
(7167,1.1046221254112046E-4)
(9415,1.1046221254112046E-4)
(421,1.1046221254112046E-4)
(9745,1.1046221254112046E-4)
(920,1.1046221254112046E-4)
(1246,1.1046221254112046E-4)
(997,1.1046221254112046E-4)
(1235,1.1046221254112046E-4)
(6085,1.1046221254112046E-4)
(3860,1.1046221254112046E-4)
(1224,1.1046221254112046E-4)
(4436,1.1046221254112046E-4)
(6823,1.1046221254112046E-4)
(6229,1.1046221254112046E-4)
(4814,1.1046221254112046E-4)
(1811,1.1046221254112046E-4)
(9848,1.1046221254112046E-4)
(8421,1.1046221254112046E-4)
(4050,1.1046221254112046E-4)
(5015,1.1046221254112046E-4)
(6023,1.1046221254112046E-4)
(8403,3.248677330419451E-6)
(153,1.1046221254112046E-4)
(6933,1.1046221254112046E-4)
(4333,1.1046221254112046E-4)
(6742,1.1046221254112046E-4)
(2232,1.1046221254112046E-4)
(9565,1.1046221254112046E-4)
(9796,1.1046221254112046E-4)
(7310,1.0462212541120453E-5)
(9590,1.1046221254112046E-4)
(2151,1.1046221254112046E-4)
(6339,1.1046221254112046E-4)
(5653,1.1046221254112046E-4)
(4740,1.1046221254112046E-4)
(8924,1.1046221254112046E-4)
(1260,1.1046221254112046E-4)
(8270,1.1046221254112046E-4)
(5888,1.1046221254112046E-4)
(6852,1.1046221254112046E-4)
(124,1.1046221254112046E-4)
(3611,1.1046221254112046E-4)
(8029,1.1046221254112046E-4)
(1749,1.1046221254112046E-4)
(9275,1.1046221254112046E-4)
(2786,1.1046221254112046E-4)
(5910,1.0462212541120453E-5)
(6489,1.1046221254112046E-4)
(9341,1.1046221254112046E-4)
(2801,1.0936852726843613E-6)
(4667,1.1046221254112046E-4)
(630,1.1046221254112046E-4)
(663,1.1046221254112046E-4)
(8018,1.1046221254112046E-4)
(4090,1.1046221254112046E-4)
(3897,1.1046221254112046E-4)
(7354,1.1046221254112046E-4)
(9859,1.1046221254112046E-4)
(968,1.1046221254112046E-4)
(4708,8.452212541120452E-6)
(2885,1.1046221254112046E-4)
(223,1.1046221254112046E-4)
(3138,1.1046221254112046E-4)
(4997,1.1046221254112046E-4)
(906,6.401811541120451E-6)
(8700,1.1046221254112046E-4)
(4193,1.1046221254112046E-4)
(7721,1.1046221254112046E-4)
(285,1.1046221254112046E-4)
(4670,1.1046221254112046E-4)
(6735,1.1046221254112046E-4)
(281,1.1046221254112046E-4)
(3956,1.1046221254112046E-4)
(1994,1.1046221254112046E-4)
(883,1.1046221254112046E-4)
(5206,6.401811541120451E-6)
(8975,1.1046221254112046E-4)
(3200,1.1046221254112046E-4)
(8164,1.1046221254112046E-4)
(4351,1.1046221254112046E-4)
(9246,1.1046221254112046E-4)
(5037,1.1046221254112046E-4)
(6687,1.1046221254112046E-4)
(4506,6.401811541120451E-6)
(7905,5.3612075311204505E-6)
(6416,1.1046221254112046E-4)
(8065,1.1046221254112046E-4)
(9404,4.310197481020451E-6)
(7695,1.1046221254112046E-4)
(6328,1.1046221254112046E-4)
(6849,1.1046221254112046E-4)
(9664,1.1046221254112046E-4)
(3541,1.1046221254112046E-4)
(9815,1.1046221254112046E-4)
(3024,1.1046221254112046E-4)
(1602,2.1765419783124415E-6)
(6713,1.1046221254112046E-4)
(9855,1.1046221254112046E-4)
(4652,1.1046221254112046E-4)
(5503,3.248677330419451E-6)
(7332,1.1046221254112046E-4)
(3996,1.1046221254112046E-4)
(2863,1.1046221254112046E-4)
(4502,2.1765419783124415E-6)
(1154,1.1046221254112046E-4)
(5675,1.1046221254112046E-4)
(3806,6.401811541120451E-6)
(333,1.1046221254112046E-4)
(2481,1.1046221254112046E-4)
(3677,1.1046221254112046E-4)
(292,1.1046221254112046E-4)
(4326,1.1046221254112046E-4)
(2405,5.3612075311204505E-6)
(8788,1.1046221254112046E-4)
(1507,7.432112541120452E-6)
(274,1.1046221254112046E-4)
(5884,1.1046221254112046E-4)
(2441,1.1046221254112046E-4)
(5253,1.1046221254112046E-4)
(6096,1.1046221254112046E-4)
(7149,1.1046221254112046E-4)
(2764,1.1046221254112046E-4)
(4458,1.1046221254112046E-4)
(6148,1.1046221254112046E-4)
(1004,4.310197481020451E-6)
(5723,1.1046221254112046E-4)
(5550,1.1046221254112046E-4)
(8362,1.1046221254112046E-4)
(4069,1.1046221254112046E-4)
(8836,1.1046221254112046E-4)
(9587,1.1046221254112046E-4)
(128,1.1046221254112046E-4)
(4623,1.1046221254112046E-4)
(3680,1.1046221254112046E-4)
(2504,4.310197481020451E-6)
(8807,7.432112541120452E-6)
(821,1.1046221254112046E-4)
(6272,1.1046221254112046E-4)
(8902,2.1765419783124415E-6)
(4241,1.1046221254112046E-4)
(9884,1.1046221254112046E-4)
(2720,1.1046221254112046E-4)
(7923,1.1046221254112046E-4)
(2210,1.0462212541120453E-5)
(1381,1.1046221254112046E-4)
(403,3.248677330419451E-6)
(2324,1.1046221254112046E-4)
(164,1.1046221254112046E-4)
(1334,1.1046221254112046E-4)
(429,1.1046221254112046E-4)
(3093,1.1046221254112046E-4)
(6056,1.1046221254112046E-4)
(7505,5.3612075311204505E-6)
(1950,1.1046221254112046E-4)
(3769,1.1046221254112046E-4)
(5172,1.1046221254112046E-4)
(5734,1.1046221254112046E-4)
(1660,1.1046221254112046E-4)
(2078,1.1046221254112046E-4)
(5147,1.1046221254112046E-4)
(5235,1.1046221254112046E-4)
(9635,1.1046221254112046E-4)
(4300,1.1046221254112046E-4)
(4689,1.1046221254112046E-4)
(322,1.1046221254112046E-4)
(9143,1.1046221254112046E-4)
(6522,1.1046221254112046E-4)
(8230,1.1046221254112046E-4)
(6717,1.1046221254112046E-4)
(1345,1.1046221254112046E-4)
(1576,1.1046221254112046E-4)
(6100,1.1046221254112046E-4)
(9491,1.1046221254112046E-4)
(7097,1.1046221254112046E-4)
(9891,1.1046221254112046E-4)
(7369,1.1046221254112046E-4)
(3684,1.1046221254112046E-4)
(3743,1.1046221254112046E-4)
(476,1.1046221254112046E-4)
(7772,1.1046221254112046E-4)
(2331,1.1046221254112046E-4)
(524,1.1046221254112046E-4)
(6874,1.1046221254112046E-4)
(9697,1.1046221254112046E-4)
(4274,1.1046221254112046E-4)
(517,1.1046221254112046E-4)
(5282,1.1046221254112046E-4)
(641,1.1046221254112046E-4)
(2111,1.1046221254112046E-4)
(4032,1.1046221254112046E-4)
(5617,1.1046221254112046E-4)
(3277,1.1046221254112046E-4)
(4146,1.1046221254112046E-4)
(9653,1.1046221254112046E-4)
(8715,1.1046221254112046E-4)
(7020,1.1046221254112046E-4)
(197,1.1046221254112046E-4)
(8281,1.1046221254112046E-4)
(5316,1.1046221254112046E-4)
(5631,1.1046221254112046E-4)
(6533,1.1046221254112046E-4)
(1176,1.1046221254112046E-4)
(1194,1.1046221254112046E-4)
(810,1.0462212541120453E-5)
(4094,1.1046221254112046E-4)
(7949,1.1046221254112046E-4)
(7732,1.1046221254112046E-4)
(7288,1.1046221254112046E-4)
(4957,1.1046221254112046E-4)
(3149,1.1046221254112046E-4)
(1529,1.1046221254112046E-4)
(5660,1.1046221254112046E-4)
(3871,1.1046221254112046E-4)
(1510,1.0462212541120453E-5)
(696,1.1046221254112046E-4)
(5558,1.1046221254112046E-4)
(1088,1.1046221254112046E-4)
(5488,1.1046221254112046E-4)
(8443,1.1046221254112046E-4)
(1785,1.1046221254112046E-4)
(5363,1.1046221254112046E-4)
(8894,1.1046221254112046E-4)
(1921,1.1046221254112046E-4)
(8102,2.1765419783124415E-6)
(6371,1.1046221254112046E-4)
(6555,1.1046221254112046E-4)
(2470,1.1046221254112046E-4)
(8036,1.1046221254112046E-4)
(8766,1.1046221254112046E-4)
(9529,1.1046221254112046E-4)
(9011,1.1046221254112046E-4)
(7754,1.1046221254112046E-4)
(8131,1.1046221254112046E-4)
(3589,1.1046221254112046E-4)
(9738,1.1046221254112046E-4)
(1404,4.310197481020451E-6)
(9169,1.1046221254112046E-4)
(7509,9.462212541120453E-6)
(4843,1.1046221254112046E-4)
(9910,1.0462212541120453E-5)
(6526,1.1046221254112046E-4)
(7255,1.1046221254112046E-4)
(7996,1.1046221254112046E-4)
(924,1.1046221254112046E-4)
(5990,1.1046221254112046E-4)
(7372,1.1046221254112046E-4)
(1048,1.1046221254112046E-4)
(3233,1.1046221254112046E-4)
(3707,7.432112541120452E-6)
(3530,1.1046221254112046E-4)
(3471,1.1046221254112046E-4)
(7626,1.1046221254112046E-4)
(7691,1.1046221254112046E-4)
(3729,1.1046221254112046E-4)
(6629,1.1046221254112046E-4)
(8876,1.1046221254112046E-4)
(6904,4.310197481020451E-6)
(7673,1.1046221254112046E-4)
(8670,1.1046221254112046E-4)
(6445,1.1046221254112046E-4)
(9099,1.1046221254112046E-4)
(9921,1.1046221254112046E-4)
(9088,1.1046221254112046E-4)
(986,1.1046221254112046E-4)
(4014,1.1046221254112046E-4)
(3446,1.1046221254112046E-4)
(634,1.1046221254112046E-4)
(1543,1.1046221254112046E-4)
(8528,1.1046221254112046E-4)
(8344,1.1046221254112046E-4)
(4391,1.1046221254112046E-4)
(8399,1.1046221254112046E-4)
(2119,1.1046221254112046E-4)
(5305,5.3612075311204505E-6)
(6368,1.1046221254112046E-4)
(7581,1.1046221254112046E-4)
(9473,1.1046221254112046E-4)
(3846,1.1046221254112046E-4)
(8304,4.310197481020451E-6)
(8171,1.1046221254112046E-4)
(829,1.1046221254112046E-4)
(4285,1.1046221254112046E-4)
(6382,1.1046221254112046E-4)
(8575,1.1046221254112046E-4)
(5994,1.1046221254112046E-4)
(8249,1.1046221254112046E-4)
(6775,1.1046221254112046E-4)
(5664,1.1046221254112046E-4)
(5231,1.1046221254112046E-4)
(4681,1.1046221254112046E-4)
(7215,1.1046221254112046E-4)
(1161,1.1046221254112046E-4)
(2382,1.1046221254112046E-4)
(4113,1.1046221254112046E-4)
(2551,1.1046221254112046E-4)
(5392,1.1046221254112046E-4)
(579,1.1046221254112046E-4)
(5800,1.1046221254112046E-4)
(1880,1.1046221254112046E-4)
(3835,1.1046221254112046E-4)
(5062,1.1046221254112046E-4)
(135,1.1046221254112046E-4)
(7464,1.1046221254112046E-4)
(2070,1.1046221254112046E-4)
(4230,1.1046221254112046E-4)
(2511,1.1046221254112046E-4)
(4854,1.1046221254112046E-4)
(1781,1.1046221254112046E-4)
(171,1.1046221254112046E-4)
(1848,1.1046221254112046E-4)
(5374,1.1046221254112046E-4)
(6481,1.1046221254112046E-4)
(8106,6.401811541120451E-6)
(9374,1.1046221254112046E-4)
(8829,1.1046221254112046E-4)
(9994,1.1046221254112046E-4)
(780,1.1046221254112046E-4)
(8722,1.1046221254112046E-4)
(2188,1.1046221254112046E-4)
(8898,1.1046221254112046E-4)
(9048,1.1046221254112046E-4)
(8388,1.1046221254112046E-4)
(4906,6.401811541120451E-6)
(9419,1.1046221254112046E-4)
(9150,1.1046221254112046E-4)
(267,1.1046221254112046E-4)
(6038,1.1046221254112046E-4)
(8289,1.1046221254112046E-4)
(3721,1.1046221254112046E-4)
(216,1.1046221254112046E-4)
(5055,1.1046221254112046E-4)
(7633,1.1046221254112046E-4)
(4861,1.1046221254112046E-4)
(3905,5.3612075311204505E-6)
(6838,1.1046221254112046E-4)
(4120,1.1046221254112046E-4)
(6298,1.1046221254112046E-4)
(9880,1.1046221254112046E-4)
(9510,1.0462212541120453E-5)
(3912,1.1046221254112046E-4)
(7112,1.1046221254112046E-4)
(7226,1.1046221254112046E-4)
(8263,1.1046221254112046E-4)
(2962,1.1046221254112046E-4)
(3057,1.1046221254112046E-4)
(4289,1.1046221254112046E-4)
(1653,1.1046221254112046E-4)
(7002,2.1765419783124415E-6)
(8175,1.1046221254112046E-4)
(3886,1.1046221254112046E-4)
(3493,1.1046221254112046E-4)
(6063,1.1046221254112046E-4)
(5873,1.1046221254112046E-4)
(432,1.1046221254112046E-4)
(8425,1.1046221254112046E-4)
(3398,1.1046221254112046E-4)
(8315,1.1046221254112046E-4)
(2089,1.1046221254112046E-4)
(2603,3.248677330419451E-6)
(7398,1.1046221254112046E-4)
(960,1.1046221254112046E-4)
(4630,1.1046221254112046E-4)
(6618,1.1046221254112046E-4)
(8520,1.1046221254112046E-4)
(5107,7.432112541120452E-6)
(2580,1.1046221254112046E-4)
(1628,1.1046221254112046E-4)
(2416,1.1046221254112046E-4)
(2984,1.1046221254112046E-4)
(5730,1.1046221254112046E-4)
(3699,1.1046221254112046E-4)
(7600,1.1046221254112046E-4)
(733,1.1046221254112046E-4)
(6809,9.462212541120453E-6)
(4058,1.1046221254112046E-4)
(270,1.1046221254112046E-4)
(8649,1.1046221254112046E-4)
(1730,1.1046221254112046E-4)
(887,1.1046221254112046E-4)
(2672,1.1046221254112046E-4)
(4494,1.1046221254112046E-4)
(2683,1.1046221254112046E-4)
(6009,9.462212541120453E-6)
(9202,2.1765419783124415E-6)
(8825,1.1046221254112046E-4)
(2207,7.432112541120452E-6)
(4564,1.1046221254112046E-4)
(319,1.1046221254112046E-4)
(7046,1.1046221254112046E-4)
(7130,1.1046221254112046E-4)
(6247,1.1046221254112046E-4)
(2629,1.1046221254112046E-4)
(4117,1.1046221254112046E-4)
(9073,1.1046221254112046E-4)
(3640,1.1046221254112046E-4)
(1305,5.3612075311204505E-6)
(2922,1.1046221254112046E-4)
(3262,1.1046221254112046E-4)
(4553,1.1046221254112046E-4)
(7435,1.1046221254112046E-4)
(7028,1.1046221254112046E-4)
(6162,1.1046221254112046E-4)
(4025,1.1046221254112046E-4)
(4348,1.1046221254112046E-4)
(7383,1.1046221254112046E-4)
(6276,1.1046221254112046E-4)
(7831,1.1046221254112046E-4)
(8920,1.1046221254112046E-4)
(1099,1.1046221254112046E-4)
(32,1.1046221254112046E-4)
(3383,1.1046221254112046E-4)
(6335,1.1046221254112046E-4)
(9206,6.401811541120451E-6)
(5822,1.1046221254112046E-4)
(719,1.1046221254112046E-4)
(2445,1.1046221254112046E-4)
(689,1.1046221254112046E-4)
(6768,1.1046221254112046E-4)
(1437,1.1046221254112046E-4)
(1961,1.1046221254112046E-4)
(6177,1.1046221254112046E-4)
(3116,1.1046221254112046E-4)
(5176,1.1046221254112046E-4)
(1198,1.1046221254112046E-4)
(8256,1.1046221254112046E-4)
(4560,1.1046221254112046E-4)
(3732,1.1046221254112046E-4)
(6331,1.1046221254112046E-4)
(6016,1.1046221254112046E-4)
(9019,1.1046221254112046E-4)
(7563,1.1046221254112046E-4)
(9316,1.1046221254112046E-4)
(2643,1.1046221254112046E-4)
(395,1.1046221254112046E-4)
(9440,1.1046221254112046E-4)
(4641,1.1046221254112046E-4)
(9950,1.1046221254112046E-4)
(7820,1.1046221254112046E-4)
(2191,1.1046221254112046E-4)
(9253,1.1046221254112046E-4)
(4939,1.1046221254112046E-4)
(7853,1.1046221254112046E-4)
(1011,1.1046221254112046E-4)
(6166,1.1046221254112046E-4)
(9679,1.1046221254112046E-4)
(9998,1.1046221254112046E-4)
(8539,1.1046221254112046E-4)
(8861,1.1046221254112046E-4)
(4227,1.1046221254112046E-4)
(946,1.1046221254112046E-4)
(6753,1.1046221254112046E-4)
(4971,1.1046221254112046E-4)
(1675,1.1046221254112046E-4)
(3208,8.452212541120452E-6)
(9932,1.1046221254112046E-4)
(1910,1.0462212541120453E-5)
(2276,1.1046221254112046E-4)
(9154,1.1046221254112046E-4)
(605,5.3612075311204505E-6)
(1268,1.1046221254112046E-4)
(8333,1.1046221254112046E-4)
(5543,1.1046221254112046E-4)
(8546,1.1046221254112046E-4)
(4773,1.1046221254112046E-4)
(8498,1.1046221254112046E-4)
(1228,1.1046221254112046E-4)
(2005,5.3612075311204505E-6)
(5877,1.1046221254112046E-4)
(8494,1.1046221254112046E-4)
(4883,1.1046221254112046E-4)
(638,1.1046221254112046E-4)
(3042,1.1046221254112046E-4)
(5613,1.1046221254112046E-4)
(7446,1.1046221254112046E-4)
(2317,1.1046221254112046E-4)
(3527,1.1046221254112046E-4)
(21,1.1046221254112046E-4)
(9231,1.1046221254112046E-4)
(2052,1.1046221254112046E-4)
(4645,1.1046221254112046E-4)
(4784,1.1046221254112046E-4)
(7718,1.1046221254112046E-4)
(6805,5.3612075311204505E-6)
(2904,4.310197481020451E-6)
(6841,1.1046221254112046E-4)
(3174,1.1046221254112046E-4)
(9613,1.1046221254112046E-4)
(4810,1.0462212541120453E-5)
(4197,1.1046221254112046E-4)
(6180,1.1046221254112046E-4)
(6111,1.1046221254112046E-4)
(9594,1.1046221254112046E-4)
(1800,1.1046221254112046E-4)
(4799,1.1046221254112046E-4)
(5826,1.1046221254112046E-4)
(2452,1.1046221254112046E-4)
(1378,1.1046221254112046E-4)
(8791,1.1046221254112046E-4)
(3772,1.1046221254112046E-4)
(751,1.1046221254112046E-4)
(4627,1.1046221254112046E-4)
(9808,8.452212541120452E-6)
(7347,1.1046221254112046E-4)
(6287,1.1046221254112046E-4)
(2104,4.310197481020451E-6)
(4872,1.1046221254112046E-4)
(3938,1.1046221254112046E-4)
(326,1.1046221254112046E-4)
(3424,1.1046221254112046E-4)
(560,1.1046221254112046E-4)
(5891,1.1046221254112046E-4)
(377,1.1046221254112046E-4)
(3923,1.1046221254112046E-4)
(6584,1.1046221254112046E-4)
(2771,1.1046221254112046E-4)
(4726,1.1046221254112046E-4)
(131,1.1046221254112046E-4)
(3662,1.1046221254112046E-4)
(5125,1.1046221254112046E-4)
(6643,1.1046221254112046E-4)
(7079,1.1046221254112046E-4)
(9888,1.1046221254112046E-4)
(6324,1.1046221254112046E-4)
(807,7.432112541120452E-6)
(8139,1.1046221254112046E-4)
(9660,1.1046221254112046E-4)
(1349,1.1046221254112046E-4)
(7262,1.1046221254112046E-4)
(3626,1.1046221254112046E-4)
(8883,1.1046221254112046E-4)
(1606,6.401811541120451E-6)
(7776,1.1046221254112046E-4)
(7200,1.1046221254112046E-4)
(898,1.1046221254112046E-4)
(7817,1.1046221254112046E-4)
(2919,1.1046221254112046E-4)
(9536,1.1046221254112046E-4)
(4788,1.1046221254112046E-4)
(5466,1.1046221254112046E-4)
(5642,1.1046221254112046E-4)
(9334,1.1046221254112046E-4)
(5936,1.1046221254112046E-4)
(2412,1.1046221254112046E-4)
(5415,1.1046221254112046E-4)
(7897,1.1046221254112046E-4)
(6683,1.1046221254112046E-4)
(8906,6.401811541120451E-6)
(1709,9.462212541120453E-6)
(2951,1.1046221254112046E-4)
(4003,3.248677330419451E-6)
(5088,1.1046221254112046E-4)
(7512,1.1046221254112046E-4)
(7329,1.1046221254112046E-4)
(5738,1.1046221254112046E-4)
(1826,1.1046221254112046E-4)
(2423,1.1046221254112046E-4)
(47,1.1046221254112046E-4)
(586,1.1046221254112046E-4)
(2519,1.1046221254112046E-4)
(5789,1.1046221254112046E-4)
(6548,1.1046221254112046E-4)
(7882,1.1046221254112046E-4)
(3390,1.1046221254112046E-4)
(2702,2.1765419783124415E-6)
(5693,1.1046221254112046E-4)
(2621,1.1046221254112046E-4)
(2636,1.1046221254112046E-4)
(6320,1.1046221254112046E-4)
(8418,1.1046221254112046E-4)
(8472,1.1046221254112046E-4)
(351,1.1046221254112046E-4)
(964,1.1046221254112046E-4)
(8719,1.1046221254112046E-4)
(8340,1.1046221254112046E-4)
(3758,1.1046221254112046E-4)
(5646,1.1046221254112046E-4)
(3725,1.1046221254112046E-4)
(5712,1.1046221254112046E-4)
(9749,1.1046221254112046E-4)
(8744,1.1046221254112046E-4)
(6948,1.1046221254112046E-4)
(5918,1.1046221254112046E-4)
(3178,1.1046221254112046E-4)
(7277,1.1046221254112046E-4)
(3893,1.1046221254112046E-4)
(5301,1.0936852726843613E-6)
(7644,1.1046221254112046E-4)
(4791,1.1046221254112046E-4)
(2115,1.1046221254112046E-4)
(6610,1.0462212541120453E-5)
(8010,1.0462212541120453E-5)
(9822,1.1046221254112046E-4)
(2368,1.1046221254112046E-4)
(4663,1.1046221254112046E-4)
(737,1.1046221254112046E-4)
(9620,1.1046221254112046E-4)
(9550,1.1046221254112046E-4)
(2430,1.1046221254112046E-4)
(8212,1.1046221254112046E-4)
(6041,1.1046221254112046E-4)
(7,7.432112541120452E-6)
(2489,1.1046221254112046E-4)
(1392,1.1046221254112046E-4)
(1558,1.1046221254112046E-4)
(3479,1.1046221254112046E-4)
(120,1.1046221254112046E-4)
(4209,9.462212541120453E-6)
(366,1.1046221254112046E-4)
(4656,1.1046221254112046E-4)
(9040,1.1046221254112046E-4)
(7622,1.1046221254112046E-4)
(4087,1.1046221254112046E-4)
(8692,1.1046221254112046E-4)
(8634,1.1046221254112046E-4)
(3567,1.1046221254112046E-4)
(5848,1.1046221254112046E-4)
(9286,1.1046221254112046E-4)
(5840,1.1046221254112046E-4)
(8605,5.3612075311204505E-6)
(1488,1.1046221254112046E-4)
(6126,1.1046221254112046E-4)
(8609,9.462212541120453E-6)
(6591,1.1046221254112046E-4)
(7068,1.1046221254112046E-4)
(1716,1.1046221254112046E-4)
(2218,1.1046221254112046E-4)
(5583,1.1046221254112046E-4)
(3291,1.1046221254112046E-4)
(7035,1.1046221254112046E-4)
(4476,1.1046221254112046E-4)
(3952,1.1046221254112046E-4)
(3064,1.1046221254112046E-4)
(6258,1.1046221254112046E-4)
(3978,1.1046221254112046E-4)
(8630,1.1046221254112046E-4)
(8487,1.1046221254112046E-4)
(3365,1.1046221254112046E-4)
(744,1.1046221254112046E-4)
(4528,1.1046221254112046E-4)
(4539,1.1046221254112046E-4)
(2544,1.1046221254112046E-4)
(8076,1.1046221254112046E-4)
(9990,1.1046221254112046E-4)
(2290,1.1046221254112046E-4)
(9606,6.401811541120451E-6)
(1646,1.1046221254112046E-4)
(3082,1.1046221254112046E-4)
(9675,1.1046221254112046E-4)
(5572,1.1046221254112046E-4)
(9055,1.1046221254112046E-4)
(3431,1.1046221254112046E-4)
(609,9.462212541120453E-6)
(8351,1.1046221254112046E-4)
(5190,1.1046221254112046E-4)
(8748,1.1046221254112046E-4)
(2540,1.1046221254112046E-4)
(1624,1.1046221254112046E-4)
(308,8.452212541120452E-6)
(982,1.1046221254112046E-4)
(3314,1.1046221254112046E-4)
(2137,1.1046221254112046E-4)
(3406,6.401811541120451E-6)
(1169,1.1046221254112046E-4)
(5844,1.1046221254112046E-4)
(4245,1.1046221254112046E-4)
(8337,1.1046221254112046E-4)
(7424,1.1046221254112046E-4)
(1330,1.1046221254112046E-4)
(7486,1.1046221254112046E-4)
(2834,1.1046221254112046E-4)
