(6490,1.1046221254112046E-4)
(3019,1.1046221254112046E-4)
(5743,1.1046221254112046E-4)
(5156,1.1046221254112046E-4)
(9402,2.1765419783124415E-6)
(9868,1.1046221254112046E-4)
(1486,1.1046221254112046E-4)
(7235,1.1046221254112046E-4)
(7697,1.1046221254112046E-4)
(317,1.1046221254112046E-4)
(717,1.1046221254112046E-4)
(672,1.1046221254112046E-4)
(191,1.1046221254112046E-4)
(1688,1.1046221254112046E-4)
(3767,1.1046221254112046E-4)
(2663,1.1046221254112046E-4)
(2524,1.1046221254112046E-4)
(1615,1.1046221254112046E-4)
(6605,5.3612075311204505E-6)
(7338,1.1046221254112046E-4)
(8049,1.1046221254112046E-4)
(9648,1.1046221254112046E-4)
(8070,1.1046221254112046E-4)
(6616,1.1046221254112046E-4)
(9020,1.1046221254112046E-4)
(1240,1.1046221254112046E-4)
(6678,1.1046221254112046E-4)
(1655,1.1046221254112046E-4)
(2825,1.1046221254112046E-4)
(1116,1.1046221254112046E-4)
(1596,1.1046221254112046E-4)
(4144,1.1046221254112046E-4)
(5383,1.1046221254112046E-4)
(5824,1.1046221254112046E-4)
(7961,1.1046221254112046E-4)
(5417,1.1046221254112046E-4)
(2465,1.1046221254112046E-4)
(5200,1.1046221254112046E-4)
(5039,1.1046221254112046E-4)
(5992,1.1046221254112046E-4)
(6245,1.1046221254112046E-4)
(7862,1.1046221254112046E-4)
(1471,1.1046221254112046E-4)
(7745,1.1046221254112046E-4)
(8177,1.1046221254112046E-4)
(9057,1.1046221254112046E-4)
(9710,1.0462212541120453E-5)
(1002,2.1765419783124415E-6)
(4001,1.0936852726843613E-6)
(6410,1.0462212541120453E-5)
(9860,1.1046221254112046E-4)
(5879,1.1046221254112046E-4)
(3770,1.1046221254112046E-4)
(1930,1.1046221254112046E-4)
(4386,1.1046221254112046E-4)
(9608,8.452212541120452E-6)
(7213,1.1046221254112046E-4)
(5208,8.452212541120452E-6)
(2814,1.1046221254112046E-4)
(9589,1.1046221254112046E-4)
(7781,1.1046221254112046E-4)
(3976,1.1046221254112046E-4)
(1927,1.1046221254112046E-4)
(2780,1.1046221254112046E-4)
(5266,1.1046221254112046E-4)
(3062,1.1046221254112046E-4)
(1277,1.1046221254112046E-4)
(8023,1.1046221254112046E-4)
(4481,1.1046221254112046E-4)
(1747,1.1046221254112046E-4)
(7918,1.1046221254112046E-4)
(7110,1.0462212541120453E-5)
(3994,1.1046221254112046E-4)
(7392,1.1046221254112046E-4)
(8393,1.1046221254112046E-4)
(1402,2.1765419783124415E-6)
(8834,1.1046221254112046E-4)
(1619,1.1046221254112046E-4)
(2553,1.1046221254112046E-4)
(6315,1.1046221254112046E-4)
(290,1.1046221254112046E-4)
(8218,1.1046221254112046E-4)
(6803,3.248677330419451E-6)
(6928,1.1046221254112046E-4)
(7682,1.1046221254112046E-4)
(8368,1.1046221254112046E-4)
(874,1.1046221254112046E-4)
(2571,1.1046221254112046E-4)
(6645,1.1046221254112046E-4)
(4474,1.1046221254112046E-4)
(3826,1.1046221254112046E-4)
(2003,3.248677330419451E-6)
(7646,1.1046221254112046E-4)
(9457,1.1046221254112046E-4)
(4258,1.1046221254112046E-4)
(3217,1.1046221254112046E-4)
(6274,1.1046221254112046E-4)
(801,1.0936852726843613E-6)
(8485,1.1046221254112046E-4)
(6472,1.1046221254112046E-4)
(2517,1.1046221254112046E-4)
(3716,1.1046221254112046E-4)
(7929,1.1046221254112046E-4)
(5109,9.462212541120453E-6)
(1013,1.1046221254112046E-4)
(636,1.1046221254112046E-4)
(8331,1.1046221254112046E-4)
(9123,1.1046221254112046E-4)
(1769,1.1046221254112046E-4)
(9112,1.1046221254112046E-4)
(4126,1.1046221254112046E-4)
(980,1.1046221254112046E-4)
(5596,1.1046221254112046E-4)
(9486,1.1046221254112046E-4)
(5204,4.310197481020451E-6)
(5222,1.1046221254112046E-4)
(5406,6.401811541120451E-6)
(2708,8.452212541120452E-6)
(5307,7.432112541120452E-6)
(8342,1.1046221254112046E-4)
(7415,1.1046221254112046E-4)
(8584,1.1046221254112046E-4)
(8423,1.1046221254112046E-4)
(1622,1.1046221254112046E-4)
(8320,1.1046221254112046E-4)
(7514,1.1046221254112046E-4)
(254,1.1046221254112046E-4)
(3833,1.1046221254112046E-4)
(1280,1.1046221254112046E-4)
(4962,1.1046221254112046E-4)
(3008,8.452212541120452E-6)
(9185,1.1046221254112046E-4)
(2711,1.1046221254112046E-4)
(7385,1.1046221254112046E-4)
(5846,1.1046221254112046E-4)
(1017,1.1046221254112046E-4)
(4339,1.1046221254112046E-4)
(6443,1.1046221254112046E-4)
(3242,1.1046221254112046E-4)
(2388,1.1046221254112046E-4)
(7664,1.1046221254112046E-4)
(8449,1.1046221254112046E-4)
(4191,1.1046221254112046E-4)
(1288,1.1046221254112046E-4)
(5101,1.0936852726843613E-6)
(8625,1.1046221254112046E-4)
(1691,1.1046221254112046E-4)
(4599,1.1046221254112046E-4)
(3037,1.1046221254112046E-4)
(5105,5.3612075311204505E-6)
(7327,1.1046221254112046E-4)
(8005,5.3612075311204505E-6)
(5934,1.1046221254112046E-4)
(5574,1.1046221254112046E-4)
(1956,1.1046221254112046E-4)
(2443,1.1046221254112046E-4)
(3022,1.1046221254112046E-4)
(6153,1.1046221254112046E-4)
(5552,1.1046221254112046E-4)
(7716,1.1046221254112046E-4)
(4683,1.1046221254112046E-4)
(5604,4.310197481020451E-6)
(1347,1.1046221254112046E-4)
(1736,1.1046221254112046E-4)
(4489,1.1046221254112046E-4)
(5798,1.1046221254112046E-4)
(1123,1.1046221254112046E-4)
(8195,1.1046221254112046E-4)
(9314,1.1046221254112046E-4)
(104,4.310197481020451E-6)
(6766,1.1046221254112046E-4)
(1200,1.1046221254112046E-4)
(8940,1.1046221254112046E-4)
(4959,1.1046221254112046E-4)
(6102,2.1765419783124415E-6)
(7217,1.1046221254112046E-4)
(5017,1.1046221254112046E-4)
(1497,1.1046221254112046E-4)
(8812,1.1046221254112046E-4)
(4881,1.1046221254112046E-4)
(3914,1.1046221254112046E-4)
(4203,3.248677330419451E-6)
(1354,1.1046221254112046E-4)
(544,1.1046221254112046E-4)
(4973,1.1046221254112046E-4)
(3066,1.1046221254112046E-4)
(4724,1.1046221254112046E-4)
(6241,1.1046221254112046E-4)
(7309,9.462212541120453E-6)
(1846,1.1046221254112046E-4)
(2887,1.1046221254112046E-4)
(7334,1.1046221254112046E-4)
(2906,6.401811541120451E-6)
(8984,1.1046221254112046E-4)
(9927,1.1046221254112046E-4)
(9086,1.1046221254112046E-4)
(900,1.1046221254112046E-4)
(8272,1.1046221254112046E-4)
(665,1.1046221254112046E-4)
(4049,1.1046221254112046E-4)
(5699,1.1046221254112046E-4)
(7499,1.1046221254112046E-4)
(1428,1.1046221254112046E-4)
(3756,1.1046221254112046E-4)
(6777,1.1046221254112046E-4)
(1949,1.1046221254112046E-4)
(1552,1.1046221254112046E-4)
(8504,4.310197481020451E-6)
(577,1.1046221254112046E-4)
(1875,1.1046221254112046E-4)
(500,1.1046221254112046E-4)
(8276,1.1046221254112046E-4)
(3705,5.3612075311204505E-6)
(8809,9.462212541120453E-6)
(5211,1.1046221254112046E-4)
(5794,1.1046221254112046E-4)
(3080,1.1046221254112046E-4)
(1868,1.1046221254112046E-4)
(9208,8.452212541120452E-6)
(6843,1.1046221254112046E-4)
(4261,1.1046221254112046E-4)
(489,1.1046221254112046E-4)
(5079,1.1046221254112046E-4)
(9846,1.1046221254112046E-4)
(9475,1.1046221254112046E-4)
(6964,1.1046221254112046E-4)
(2461,1.1046221254112046E-4)
(2634,1.1046221254112046E-4)
(2975,1.1046221254112046E-4)
(9619,1.1046221254112046E-4)
(3349,1.1046221254112046E-4)
(2414,1.1046221254112046E-4)
(690,1.1046221254112046E-4)
(3455,1.1046221254112046E-4)
(4702,2.1765419783124415E-6)
(9707,7.432112541120452E-6)
(3918,1.1046221254112046E-4)
(9435,1.1046221254112046E-4)
(809,9.462212541120453E-6)
(742,1.1046221254112046E-4)
(4463,1.1046221254112046E-4)
(8306,6.401811541120451E-6)
(1680,1.1046221254112046E-4)
(4665,1.1046221254112046E-4)
(2098,1.1046221254112046E-4)
(7848,1.1046221254112046E-4)
(6285,1.1046221254112046E-4)
(3473,1.1046221254112046E-4)
(8096,1.1046221254112046E-4)
(3026,1.1046221254112046E-4)
(2876,1.1046221254112046E-4)
(2575,1.1046221254112046E-4)
(7866,1.1046221254112046E-4)
(1729,1.1046221254112046E-4)
(5288,1.1046221254112046E-4)
(933,1.1046221254112046E-4)
(4717,1.1046221254112046E-4)
(5516,1.1046221254112046E-4)
(9222,1.1046221254112046E-4)
(5974,1.1046221254112046E-4)
(5097,1.1046221254112046E-4)
(8232,1.1046221254112046E-4)
(9875,1.1046221254112046E-4)
(8687,1.1046221254112046E-4)
(661,1.1046221254112046E-4)
(3433,1.1046221254112046E-4)
(6542,1.1046221254112046E-4)
(8753,1.1046221254112046E-4)
(2928,1.1046221254112046E-4)
(4294,1.1046221254112046E-4)
(4423,1.1046221254112046E-4)
(3488,1.1046221254112046E-4)
(8133,1.1046221254112046E-4)
(3231,1.1046221254112046E-4)
(1273,1.1046221254112046E-4)
(4713,1.1046221254112046E-4)
(7477,1.1046221254112046E-4)
(8562,1.1046221254112046E-4)
(5758,1.1046221254112046E-4)
(2131,1.1046221254112046E-4)
(2531,1.1046221254112046E-4)
(1941,1.1046221254112046E-4)
(3785,1.1046221254112046E-4)
(9978,1.1046221254112046E-4)
(1758,1.1046221254112046E-4)
(1361,1.1046221254112046E-4)
(4647,1.1046221254112046E-4)
(8302,2.1765419783124415E-6)
(775,1.1046221254112046E-4)
(2843,1.1046221254112046E-4)
(6058,1.1046221254112046E-4)
(9358,1.1046221254112046E-4)
(5332,1.1046221254112046E-4)
(397,1.1046221254112046E-4)
(1824,1.1046221254112046E-4)
(8016,1.1046221254112046E-4)
(9651,1.1046221254112046E-4)
(3411,1.1046221254112046E-4)
(8489,1.1046221254112046E-4)
(2425,1.1046221254112046E-4)
(9853,1.1046221254112046E-4)
(1732,1.1046221254112046E-4)
(4797,1.1046221254112046E-4)
(8551,1.1046221254112046E-4)
(9684,1.1046221254112046E-4)
(9699,1.1046221254112046E-4)
(8595,1.1046221254112046E-4)
(1695,1.1046221254112046E-4)
(2197,1.1046221254112046E-4)
(144,1.1046221254112046E-4)
(3279,1.1046221254112046E-4)
(2384,1.1046221254112046E-4)
(427,1.1046221254112046E-4)
(6979,1.1046221254112046E-4)
(7239,1.1046221254112046E-4)
(467,1.1046221254112046E-4)
(3668,1.1046221254112046E-4)
(4522,1.1046221254112046E-4)
(5927,1.1046221254112046E-4)
(6513,1.1046221254112046E-4)
(7408,8.452212541120452E-6)
(8030,1.1046221254112046E-4)
(324,1.1046221254112046E-4)
(2072,1.1046221254112046E-4)
(7994,1.1046221254112046E-4)
(1828,1.1046221254112046E-4)
(5769,1.1046221254112046E-4)
(6168,1.1046221254112046E-4)
(9116,1.1046221254112046E-4)
(2762,1.1046221254112046E-4)
(2205,5.3612075311204505E-6)
(8119,1.1046221254112046E-4)
(3129,1.1046221254112046E-4)
(9211,1.1046221254112046E-4)
(2450,1.1046221254112046E-4)
(999,1.1046221254112046E-4)
(5361,1.1046221254112046E-4)
(6270,1.1046221254112046E-4)
(9060,1.1046221254112046E-4)
(6072,1.1046221254112046E-4)
(1149,1.1046221254112046E-4)
(713,1.1046221254112046E-4)
(9141,1.1046221254112046E-4)
(7752,1.1046221254112046E-4)
(7518,1.1046221254112046E-4)
(2168,1.1046221254112046E-4)
(3055,1.1046221254112046E-4)
(9262,1.1046221254112046E-4)
(4081,1.1046221254112046E-4)
(8573,1.1046221254112046E-4)
(7990,1.1046221254112046E-4)
(5284,1.1046221254112046E-4)
(2326,1.1046221254112046E-4)
(2700,1.1046221254112046E-4)
(2535,1.1046221254112046E-4)
(9802,2.1765419783124415E-6)
(4643,1.1046221254112046E-4)
(3257,1.1046221254112046E-4)
(3529,1.1046221254112046E-4)
(5633,1.1046221254112046E-4)
(2818,1.1046221254112046E-4)
(6663,1.1046221254112046E-4)
(9615,1.1046221254112046E-4)
(5817,1.1046221254112046E-4)
(4658,1.1046221254112046E-4)
(7271,1.1046221254112046E-4)
(5806,6.401811541120451E-6)
(4027,1.1046221254112046E-4)
(2539,1.1046221254112046E-4)
(8533,1.1046221254112046E-4)
(4951,1.1046221254112046E-4)
(6337,1.1046221254112046E-4)
(2399,1.1046221254112046E-4)
(2872,1.1046221254112046E-4)
(3165,1.1046221254112046E-4)
(2568,1.1046221254112046E-4)
(4911,1.1046221254112046E-4)
(8416,1.1046221254112046E-4)
(2869,1.1046221254112046E-4)
(885,1.1046221254112046E-4)
(9299,1.1046221254112046E-4)
(6344,1.1046221254112046E-4)
(4254,1.1046221254112046E-4)
(1592,1.1046221254112046E-4)
(4045,1.1046221254112046E-4)
(2216,1.1046221254112046E-4)
(8948,1.1046221254112046E-4)
(2065,1.1046221254112046E-4)
(4173,1.1046221254112046E-4)
(2748,1.1046221254112046E-4)
(2021,1.1046221254112046E-4)
(3961,1.1046221254112046E-4)
(2050,1.1046221254112046E-4)
(4621,1.1046221254112046E-4)
(5457,1.1046221254112046E-4)
(9817,1.1046221254112046E-4)
(16,1.1046221254112046E-4)
(4526,1.1046221254112046E-4)
(5989,1.1046221254112046E-4)
(5093,1.1046221254112046E-4)
(2681,1.1046221254112046E-4)
(5648,1.1046221254112046E-4)
(7323,1.1046221254112046E-4)
(7660,1.1046221254112046E-4)
(8694,1.1046221254112046E-4)
(8434,1.1046221254112046E-4)
(247,1.1046221254112046E-4)
(9284,1.1046221254112046E-4)
(919,1.1046221254112046E-4)
(9442,1.1046221254112046E-4)
(6571,1.1046221254112046E-4)
(306,6.401811541120451E-6)
(7088,1.1046221254112046E-4)
(8229,1.1046221254112046E-4)
(9963,1.1046221254112046E-4)
(4786,1.1046221254112046E-4)
(4155,1.1046221254112046E-4)
(1475,1.1046221254112046E-4)
(5006,6.401811541120451E-6)
(9952,1.1046221254112046E-4)
(7587,1.1046221254112046E-4)
(7815,1.1046221254112046E-4)
(8339,1.1046221254112046E-4)
(5912,1.1046221254112046E-4)
(9945,1.1046221254112046E-4)
(7727,1.1046221254112046E-4)
(261,1.1046221254112046E-4)
(4580,1.1046221254112046E-4)
(7455,1.1046221254112046E-4)
(1909,9.462212541120453E-6)
(1916,1.1046221254112046E-4)
(4265,1.1046221254112046E-4)
(2029,1.1046221254112046E-4)
(2740,1.1046221254112046E-4)
(6634,1.1046221254112046E-4)
(3723,1.1046221254112046E-4)
(2094,1.1046221254112046E-4)
(4999,1.1046221254112046E-4)
(8481,1.1046221254112046E-4)
(5772,1.1046221254112046E-4)
(1783,1.1046221254112046E-4)
(1307,7.432112541120452E-6)
(7158,1.1046221254112046E-4)
(8713,1.1046221254112046E-4)
(3907,7.432112541120452E-6)
(1707,7.432112541120452E-6)
(5956,1.1046221254112046E-4)
(9941,1.1046221254112046E-4)
(2164,1.1046221254112046E-4)
(9666,1.1046221254112046E-4)
(8078,1.1046221254112046E-4)
(8548,1.1046221254112046E-4)
(6425,1.1046221254112046E-4)
(12,1.1046221254112046E-4)
(1608,8.452212541120452E-6)
(474,1.1046221254112046E-4)
(3235,1.1046221254112046E-4)
(4382,1.1046221254112046E-4)
(5071,1.1046221254112046E-4)
(4625,1.1046221254112046E-4)
(6197,1.1046221254112046E-4)
(4801,1.0936852726843613E-6)
(5501,1.0936852726843613E-6)
(4782,1.1046221254112046E-4)
(1457,1.1046221254112046E-4)
(4140,1.1046221254112046E-4)
(4812,1.1046221254112046E-4)
(1130,1.1046221254112046E-4)
(2102,2.1765419783124415E-6)
(3121,1.1046221254112046E-4)
(3462,1.1046221254112046E-4)
(2810,1.0462212541120453E-5)
(96,1.1046221254112046E-4)
(5703,3.248677330419451E-6)
(7679,1.1046221254112046E-4)
(757,1.1046221254112046E-4)
(3077,1.1046221254112046E-4)
(9468,1.1046221254112046E-4)
(3118,1.1046221254112046E-4)
(463,1.1046221254112046E-4)
(4629,1.1046221254112046E-4)
(3631,1.1046221254112046E-4)
(6476,1.1046221254112046E-4)
(1570,1.1046221254112046E-4)
(3840,1.1046221254112046E-4)
(3466,1.1046221254112046E-4)
(5082,1.1046221254112046E-4)
(1079,1.1046221254112046E-4)
(2942,1.1046221254112046E-4)
(1677,1.1046221254112046E-4)
(867,1.1046221254112046E-4)
(5354,1.1046221254112046E-4)
(4504,4.310197481020451E-6)
(5556,1.1046221254112046E-4)
(7268,1.1046221254112046E-4)
(8591,1.1046221254112046E-4)
(81,1.1046221254112046E-4)
(658,1.1046221254112046E-4)
(621,1.1046221254112046E-4)
(9075,1.1046221254112046E-4)
(7400,1.1046221254112046E-4)
(3327,1.1046221254112046E-4)
(166,1.1046221254112046E-4)
(4412,1.1046221254112046E-4)
(8045,1.1046221254112046E-4)
(412,1.1046221254112046E-4)
(1185,1.1046221254112046E-4)
(7228,1.1046221254112046E-4)
(3459,1.1046221254112046E-4)
(5024,1.1046221254112046E-4)
(3671,1.1046221254112046E-4)
(1068,1.1046221254112046E-4)
(9703,3.248677330419451E-6)
(7022,1.1046221254112046E-4)
(2403,3.248677330419451E-6)
(4559,1.1046221254112046E-4)
(6010,1.0462212541120453E-5)
(4306,6.401811541120451E-6)
(8878,1.1046221254112046E-4)
(5695,1.1046221254112046E-4)
(8599,1.1046221254112046E-4)
(6267,1.1046221254112046E-4)
(6160,1.1046221254112046E-4)
(8409,9.462212541120453E-6)
(3282,1.1046221254112046E-4)
(2953,1.1046221254112046E-4)
(6098,1.1046221254112046E-4)
(6506,6.401811541120451E-6)
(7903,3.248677330419451E-6)
(7789,1.1046221254112046E-4)
(3444,1.1046221254112046E-4)
(7796,1.1046221254112046E-4)
(8294,1.1046221254112046E-4)
(5567,1.1046221254112046E-4)
(8856,1.1046221254112046E-4)
(4595,1.1046221254112046E-4)
(5611,1.1046221254112046E-4)
(5626,1.1046221254112046E-4)
(8508,8.452212541120452E-6)
(1446,1.1046221254112046E-4)
(6135,1.1046221254112046E-4)
(720,1.1046221254112046E-4)
(6913,1.1046221254112046E-4)
(9530,1.1046221254112046E-4)
(7026,1.1046221254112046E-4)
(9600,1.1046221254112046E-4)
(478,1.1046221254112046E-4)
(9901,1.0936852726843613E-6)
(1893,1.1046221254112046E-4)
(4573,1.1046221254112046E-4)
(7048,1.1046221254112046E-4)
(9064,1.1046221254112046E-4)
(2865,1.1046221254112046E-4)
(8500,1.1046221254112046E-4)
(2432,1.1046221254112046E-4)
(5970,1.1046221254112046E-4)
(5570,1.1046221254112046E-4)
(5435,1.1046221254112046E-4)
(9013,1.1046221254112046E-4)
(8371,1.1046221254112046E-4)
(8126,1.1046221254112046E-4)
(5244,1.1046221254112046E-4)
(2528,1.1046221254112046E-4)
(8823,1.1046221254112046E-4)
(9350,1.1046221254112046E-4)
(434,1.1046221254112046E-4)
(9255,1.1046221254112046E-4)
(3880,1.1046221254112046E-4)
(7774,1.1046221254112046E-4)
(991,1.1046221254112046E-4)
(258,1.1046221254112046E-4)
(647,1.1046221254112046E-4)
(9017,1.1046221254112046E-4)
(2083,1.1046221254112046E-4)
(5684,1.1046221254112046E-4)
(8955,1.1046221254112046E-4)
(8999,1.1046221254112046E-4)
(9659,1.1046221254112046E-4)
(8159,1.1046221254112046E-4)
(6759,1.1046221254112046E-4)
(1798,1.1046221254112046E-4)
(8845,1.1046221254112046E-4)
(9523,1.1046221254112046E-4)
(6120,1.1046221254112046E-4)
(379,1.1046221254112046E-4)
(618,1.1046221254112046E-4)
(9318,1.1046221254112046E-4)
(2593,1.1046221254112046E-4)
(137,1.1046221254112046E-4)
(3084,1.1046221254112046E-4)
(8298,1.1046221254112046E-4)
(3774,1.1046221254112046E-4)
(8162,1.1046221254112046E-4)
(470,1.1046221254112046E-4)
(6171,1.1046221254112046E-4)
(5086,1.1046221254112046E-4)
(342,1.1046221254112046E-4)
(2960,1.1046221254112046E-4)
(6256,1.1046221254112046E-4)
(2968,1.1046221254112046E-4)
(8243,1.1046221254112046E-4)
(3587,1.1046221254112046E-4)
(5299,1.1046221254112046E-4)
(1145,1.1046221254112046E-4)
(4603,3.248677330419451E-6)
(4584,1.1046221254112046E-4)
(5938,1.1046221254112046E-4)
(225,1.1046221254112046E-4)
(8805,5.3612075311204505E-6)
(1167,1.1046221254112046E-4)
(7183,1.1046221254112046E-4)
(38,1.1046221254112046E-4)
(1589,1.1046221254112046E-4)
(1952,1.1046221254112046E-4)
(353,1.1046221254112046E-4)
(1765,1.1046221254112046E-4)
(5343,1.1046221254112046E-4)
(1743,1.1046221254112046E-4)
(6421,1.1046221254112046E-4)
(3620,1.1046221254112046E-4)
(6814,1.1046221254112046E-4)
(8922,1.1046221254112046E-4)
(8962,1.1046221254112046E-4)
(7095,1.1046221254112046E-4)
(2469,1.1046221254112046E-4)
(3987,1.1046221254112046E-4)
(8052,1.1046221254112046E-4)
(346,1.1046221254112046E-4)
(7077,1.1046221254112046E-4)
(232,1.1046221254112046E-4)
(2498,1.1046221254112046E-4)
(5505,5.3612075311204505E-6)
(4199,1.1046221254112046E-4)
(5882,1.1046221254112046E-4)
(6418,1.1046221254112046E-4)
(6832,1.1046221254112046E-4)
(753,1.1046221254112046E-4)
(2854,1.1046221254112046E-4)
(8111,1.1046221254112046E-4)
(3091,1.1046221254112046E-4)
(6223,1.1046221254112046E-4)
(7264,1.1046221254112046E-4)
(5718,1.1046221254112046E-4)
(70,1.1046221254112046E-4)
(2946,1.1046221254112046E-4)
(4566,1.1046221254112046E-4)
(2494,1.1046221254112046E-4)
(4067,1.1046221254112046E-4)
(6719,1.1046221254112046E-4)
(9170,1.1046221254112046E-4)
(3202,2.1765419783124415E-6)
(9387,1.1046221254112046E-4)
(4218,1.1046221254112046E-4)
(4687,1.1046221254112046E-4)
(8261,1.1046221254112046E-4)
(9839,1.1046221254112046E-4)
(1390,1.1046221254112046E-4)
(5835,1.1046221254112046E-4)
(7598,1.1046221254112046E-4)
(6050,1.1046221254112046E-4)
(357,1.1046221254112046E-4)
(1556,1.1046221254112046E-4)
(9093,1.1046221254112046E-4)
(6854,1.1046221254112046E-4)
(8452,1.1046221254112046E-4)
(6993,1.1046221254112046E-4)
(9828,1.1046221254112046E-4)
(3154,1.1046221254112046E-4)
(5640,1.1046221254112046E-4)
(6087,1.1046221254112046E-4)
(2883,1.1046221254112046E-4)
(3183,1.1046221254112046E-4)
(7976,1.1046221254112046E-4)
(2058,1.1046221254112046E-4)
(6722,1.1046221254112046E-4)
(5732,1.1046221254112046E-4)
(7143,1.1046221254112046E-4)
(852,1.1046221254112046E-4)
(5442,1.1046221254112046E-4)
(6946,1.1046221254112046E-4)
(6711,1.1046221254112046E-4)
(7925,1.1046221254112046E-4)
(1295,1.1046221254112046E-4)
(3958,1.1046221254112046E-4)
(1053,1.1046221254112046E-4)
(7316,1.1046221254112046E-4)
(838,1.1046221254112046E-4)
(1192,1.1046221254112046E-4)
(9974,1.1046221254112046E-4)
(2670,1.1046221254112046E-4)
(6252,1.1046221254112046E-4)
(4184,1.1046221254112046E-4)
(9923,1.1046221254112046E-4)
(4290,1.1046221254112046E-4)
(5127,1.1046221254112046E-4)
(4731,1.1046221254112046E-4)
(4742,1.1046221254112046E-4)
(7888,1.1046221254112046E-4)
(9790,1.1046221254112046E-4)
(111,1.1046221254112046E-4)
(8203,3.248677330419451E-6)
(4739,1.1046221254112046E-4)
(6535,1.1046221254112046E-4)
(3811,1.1046221254112046E-4)
(7257,1.1046221254112046E-4)
(5981,1.1046221254112046E-4)
(8526,1.1046221254112046E-4)
(4078,1.1046221254112046E-4)
(3099,1.1046221254112046E-4)
(4995,1.1046221254112046E-4)
(203,3.248677330419451E-6)
(199,1.1046221254112046E-4)
(3815,1.1046221254112046E-4)
(7349,1.1046221254112046E-4)
(7154,1.1046221254112046E-4)
(9864,1.1046221254112046E-4)
(8768,1.1046221254112046E-4)
(1493,1.1046221254112046E-4)
(5923,1.1046221254112046E-4)
(9640,1.1046221254112046E-4)
(5482,1.1046221254112046E-4)
(7066,1.1046221254112046E-4)
(8074,1.1046221254112046E-4)
(8346,1.1046221254112046E-4)
(4023,1.1046221254112046E-4)
(515,1.1046221254112046E-4)
(9916,1.1046221254112046E-4)
(6784,1.1046221254112046E-4)
(4690,1.1046221254112046E-4)
(9934,1.1046221254112046E-4)
(492,1.1046221254112046E-4)
(210,1.0462212541120453E-5)
(6942,1.1046221254112046E-4)
(5060,1.1046221254112046E-4)
(6182,1.1046221254112046E-4)
(1127,1.1046221254112046E-4)
(5523,1.1046221254112046E-4)
(3752,1.1046221254112046E-4)
(5365,1.1046221254112046E-4)
(5020,1.1046221254112046E-4)
(5149,1.1046221254112046E-4)
(5853,1.1046221254112046E-4)
(977,1.1046221254112046E-4)
(5747,1.1046221254112046E-4)
(452,1.1046221254112046E-4)
(6281,1.1046221254112046E-4)
(5314,1.1046221254112046E-4)
(2395,1.1046221254112046E-4)
(6465,1.1046221254112046E-4)
(7444,1.1046221254112046E-4)
(8199,1.1046221254112046E-4)
(8137,1.1046221254112046E-4)
(8188,1.1046221254112046E-4)
(3330,1.1046221254112046E-4)
(8728,1.1046221254112046E-4)
(1512,1.1046221254112046E-4)
(3363,1.1046221254112046E-4)
(6564,1.1046221254112046E-4)
(8919,1.1046221254112046E-4)
(8618,1.1046221254112046E-4)
(2281,1.1046221254112046E-4)
(4041,1.1046221254112046E-4)
(9163,1.1046221254112046E-4)
(52,1.1046221254112046E-4)
(3499,1.1046221254112046E-4)
(5688,1.1046221254112046E-4)
(5761,1.1046221254112046E-4)
(2502,2.1765419783124415E-6)
(9394,1.1046221254112046E-4)
(2674,1.1046221254112046E-4)
(6308,8.452212541120452E-6)
(6858,1.1046221254112046E-4)
(3943,1.1046221254112046E-4)
(5886,1.1046221254112046E-4)
(1901,1.0936852726843613E-6)
(6627,1.1046221254112046E-4)
(7613,1.1046221254112046E-4)
(3253,1.1046221254112046E-4)
(6351,1.1046221254112046E-4)
(3565,1.1046221254112046E-4)
(5996,1.1046221254112046E-4)
(9024,1.1046221254112046E-4)
(2157,1.1046221254112046E-4)
(9750,1.1046221254112046E-4)
(7653,1.1046221254112046E-4)
(4283,1.1046221254112046E-4)
(7741,1.1046221254112046E-4)
(8988,1.1046221254112046E-4)
(5680,1.1046221254112046E-4)
(6326,1.1046221254112046E-4)
(9970,1.1046221254112046E-4)
(243,1.1046221254112046E-4)
(2292,1.1046221254112046E-4)
(7543,1.1046221254112046E-4)
(6887,1.1046221254112046E-4)
(5802,2.1765419783124415E-6)
(1985,1.1046221254112046E-4)
(1284,1.1046221254112046E-4)
(1820,1.1046221254112046E-4)
(2241,1.1046221254112046E-4)
(5329,1.1046221254112046E-4)
(1406,6.401811541120451E-6)
(3682,1.1046221254112046E-4)
(3727,1.1046221254112046E-4)
(7617,1.1046221254112046E-4)
(746,1.1046221254112046E-4)
(1310,1.0462212541120453E-5)
(5446,1.1046221254112046E-4)
(2043,1.1046221254112046E-4)
(1600,1.1046221254112046E-4)
(4405,5.3612075311204505E-6)
(1314,1.1046221254112046E-4)
(603,3.248677330419451E-6)
(1963,1.1046221254112046E-4)
(8522,1.1046221254112046E-4)
(140,1.1046221254112046E-4)
(1101,1.0936852726843613E-6)
(6304,4.310197481020451E-6)
(3657,1.1046221254112046E-4)
(4441,1.1046221254112046E-4)
(9604,4.310197481020451E-6)
(8364,1.1046221254112046E-4)
(5321,1.1046221254112046E-4)
(7330,1.1046221254112046E-4)
(3796,1.1046221254112046E-4)
(4276,1.1046221254112046E-4)
(3969,1.1046221254112046E-4)
(3448,1.1046221254112046E-4)
(8669,1.1046221254112046E-4)
(5259,1.1046221254112046E-4)
(9482,1.1046221254112046E-4)
(67,1.1046221254112046E-4)
(250,1.1046221254112046E-4)
(1761,1.1046221254112046E-4)
(8492,1.1046221254112046E-4)
(5,5.3612075311204505E-6)
(8915,1.1046221254112046E-4)
(1479,1.1046221254112046E-4)
(4467,1.1046221254112046E-4)
(6997,1.1046221254112046E-4)
(1138,1.1046221254112046E-4)
(1882,1.1046221254112046E-4)
(2171,1.1046221254112046E-4)
(6865,1.1046221254112046E-4)
(2249,1.1046221254112046E-4)
(85,1.1046221254112046E-4)
(5545,1.1046221254112046E-4)
(7220,1.1046221254112046E-4)
(7770,1.1046221254112046E-4)
(739,1.1046221254112046E-4)
(5475,1.1046221254112046E-4)
(9989,1.1046221254112046E-4)
(5673,1.1046221254112046E-4)
(6586,1.1046221254112046E-4)
(1967,1.1046221254112046E-4)
(9082,1.1046221254112046E-4)
(3613,1.1046221254112046E-4)
(6388,1.1046221254112046E-4)
(6982,1.1046221254112046E-4)
(3271,1.1046221254112046E-4)
(5163,1.1046221254112046E-4)
(3701,1.0936852726843613E-6)
(9134,1.1046221254112046E-4)
(9321,1.1046221254112046E-4)
(6366,1.1046221254112046E-4)
(4874,1.1046221254112046E-4)
(3598,1.1046221254112046E-4)
(3679,1.1046221254112046E-4)
(5493,1.1046221254112046E-4)
(1435,1.1046221254112046E-4)
(8247,1.1046221254112046E-4)
(9824,1.1046221254112046E-4)
(7954,1.1046221254112046E-4)
(1710,1.0462212541120453E-5)
(3550,1.1046221254112046E-4)
(9035,1.1046221254112046E-4)
(8140,1.1046221254112046E-4)
(1178,1.1046221254112046E-4)
(6238,1.1046221254112046E-4)
(9079,1.1046221254112046E-4)
(5420,1.1046221254112046E-4)
(8258,1.1046221254112046E-4)
(7536,1.1046221254112046E-4)
(8926,1.1046221254112046E-4)
(3491,1.1046221254112046E-4)
(6696,1.1046221254112046E-4)
(5347,1.1046221254112046E-4)
(1813,1.1046221254112046E-4)
(5721,1.1046221254112046E-4)
(9372,1.1046221254112046E-4)
(6906,6.401811541120451E-6)
(5871,1.1046221254112046E-4)
(7062,1.1046221254112046E-4)
(7590,1.1046221254112046E-4)
(6461,1.1046221254112046E-4)
(4661,1.1046221254112046E-4)
(537,1.1046221254112046E-4)
(915,1.1046221254112046E-4)
(779,1.1046221254112046E-4)
(4889,1.1046221254112046E-4)
(3709,9.462212541120453E-6)
(2212,1.1046221254112046E-4)
(5707,7.432112541120452E-6)
(339,1.1046221254112046E-4)
(3495,1.1046221254112046E-4)
(2054,1.1046221254112046E-4)
(6791,1.1046221254112046E-4)
(6164,1.1046221254112046E-4)
(7459,1.1046221254112046E-4)
(4188,1.1046221254112046E-4)
(4654,1.1046221254112046E-4)
(8793,1.1046221254112046E-4)
(485,1.1046221254112046E-4)
(2153,1.1046221254112046E-4)
(9071,1.1046221254112046E-4)
(4092,1.1046221254112046E-4)
(7792,1.1046221254112046E-4)
(4706,6.401811541120451E-6)
(2692,1.1046221254112046E-4)
(6861,1.1046221254112046E-4)
(8555,1.1046221254112046E-4)
(8056,1.1046221254112046E-4)
(4988,1.1046221254112046E-4)
(1226,1.1046221254112046E-4)
(5196,1.1046221254112046E-4)
(1750,1.1046221254112046E-4)
(6623,1.1046221254112046E-4)
(1871,1.1046221254112046E-4)
(1097,1.1046221254112046E-4)
(2124,1.1046221254112046E-4)
(1181,1.1046221254112046E-4)
(8827,1.1046221254112046E-4)
(5945,1.1046221254112046E-4)
(6579,1.1046221254112046E-4)
(5035,1.1046221254112046E-4)
(7873,1.1046221254112046E-4)
(2832,1.1046221254112046E-4)
(3408,8.452212541120452E-6)
(7936,1.1046221254112046E-4)
(5541,1.1046221254112046E-4)
(8038,1.1046221254112046E-4)
(9417,1.1046221254112046E-4)
(8632,1.1046221254112046E-4)
(8731,1.1046221254112046E-4)
(9303,3.248677330419451E-6)
(8742,1.1046221254112046E-4)
(870,1.1046221254112046E-4)
(8650,1.1046221254112046E-4)
(5350,1.1046221254112046E-4)
(973,1.1046221254112046E-4)
(3664,1.1046221254112046E-4)
(5255,1.1046221254112046E-4)
(4229,1.1046221254112046E-4)
(6007,7.432112541120452E-6)
(5813,1.1046221254112046E-4)
(6582,1.1046221254112046E-4)
(4250,1.1046221254112046E-4)
(126,1.1046221254112046E-4)
(786,1.1046221254112046E-4)
(8001,1.0936852726843613E-6)
(5905,5.3612075311204505E-6)
(3187,1.1046221254112046E-4)
(1684,1.1046221254112046E-4)
(7019,1.1046221254112046E-4)
(6890,1.1046221254112046E-4)
(2117,1.1046221254112046E-4)
(7190,1.1046221254112046E-4)
(6850,1.1046221254112046E-4)
(7165,1.1046221254112046E-4)
(8401,1.0936852726843613E-6)
(405,5.3612075311204505E-6)
(4012,1.1046221254112046E-4)
(3190,1.1046221254112046E-4)
(5828,1.1046221254112046E-4)
(2113,1.1046221254112046E-4)
(3484,1.1046221254112046E-4)
(9240,1.1046221254112046E-4)
(533,1.1046221254112046E-4)
(9336,1.1046221254112046E-4)
(4735,1.1046221254112046E-4)
(5538,1.1046221254112046E-4)
(4980,1.1046221254112046E-4)
(7121,1.1046221254112046E-4)
(5068,1.1046221254112046E-4)
(1299,1.1046221254112046E-4)
(3972,1.1046221254112046E-4)
(3309,9.462212541120453E-6)
(4269,1.1046221254112046E-4)
(6458,1.1046221254112046E-4)
(7877,1.1046221254112046E-4)
(1442,1.1046221254112046E-4)
(9527,1.1046221254112046E-4)
(6715,1.1046221254112046E-4)
(2319,1.1046221254112046E-4)
(3095,1.1046221254112046E-4)
(6692,1.1046221254112046E-4)
(5754,1.1046221254112046E-4)
(5123,1.1046221254112046E-4)
(8588,1.1046221254112046E-4)
(9637,1.1046221254112046E-4)
(4618,1.1046221254112046E-4)
(5839,1.1046221254112046E-4)
(6517,1.1046221254112046E-4)
(944,1.1046221254112046E-4)
(4038,1.1046221254112046E-4)
(7352,1.1046221254112046E-4)
(7583,1.1046221254112046E-4)
(49,1.1046221254112046E-4)
(1303,3.248677330419451E-6)
(9556,1.1046221254112046E-4)
(6704,4.310197481020451E-6)
(3990,1.1046221254112046E-4)
(5170,1.1046221254112046E-4)
(3954,1.1046221254112046E-4)
(8441,1.1046221254112046E-4)
(8966,1.1046221254112046E-4)
(4427,1.1046221254112046E-4)
(7628,1.1046221254112046E-4)
(863,1.1046221254112046E-4)
(1516,1.1046221254112046E-4)
(7293,1.1046221254112046E-4)
(1369,1.1046221254112046E-4)
(4944,1.1046221254112046E-4)
(2377,1.1046221254112046E-4)
(940,1.1046221254112046E-4)
(2128,1.1046221254112046E-4)
(683,1.1046221254112046E-4)
(8009,9.462212541120453E-6)
(438,1.1046221254112046E-4)
(2311,1.1046221254112046E-4)
(3741,1.1046221254112046E-4)
(1248,1.1046221254112046E-4)
(6575,1.1046221254112046E-4)
(2986,1.1046221254112046E-4)
(1372,1.1046221254112046E-4)
(6649,1.1046221254112046E-4)
(7972,1.1046221254112046E-4)
(3888,1.1046221254112046E-4)
(7826,1.1046221254112046E-4)
(6179,1.1046221254112046E-4)
(9028,1.1046221254112046E-4)
(3338,1.1046221254112046E-4)
(7943,1.1046221254112046E-4)
(3558,1.1046221254112046E-4)
(236,1.1046221254112046E-4)
(771,1.1046221254112046E-4)
(6234,1.1046221254112046E-4)
(3921,1.1046221254112046E-4)
(3404,4.310197481020451E-6)
(3848,1.1046221254112046E-4)
(8463,1.1046221254112046E-4)
(8991,1.1046221254112046E-4)
(995,1.1046221254112046E-4)
(6025,1.1046221254112046E-4)
(1141,1.1046221254112046E-4)
(2579,1.1046221254112046E-4)
(643,1.1046221254112046E-4)
(1857,1.1046221254112046E-4)
(764,1.1046221254112046E-4)
(2454,1.1046221254112046E-4)
(3392,1.1046221254112046E-4)
(8775,1.1046221254112046E-4)
(3936,1.1046221254112046E-4)
(8122,1.1046221254112046E-4)
(8566,1.1046221254112046E-4)
(2483,1.1046221254112046E-4)
(5750,1.1046221254112046E-4)
(2601,1.0936852726843613E-6)
(4548,1.1046221254112046E-4)
(3260,1.1046221254112046E-4)
(5013,1.1046221254112046E-4)
(265,1.1046221254112046E-4)
(6674,1.1046221254112046E-4)
(4775,1.1046221254112046E-4)
(4852,1.1046221254112046E-4)
(5215,1.1046221254112046E-4)
(6737,1.1046221254112046E-4)
(7987,1.1046221254112046E-4)
(1174,1.1046221254112046E-4)
(3895,1.1046221254112046E-4)
(8379,1.1046221254112046E-4)
(7532,1.1046221254112046E-4)
(2890,1.1046221254112046E-4)
(7422,1.1046221254112046E-4)
(8184,1.1046221254112046E-4)
(30,1.1046221254112046E-4)
(2755,1.1046221254112046E-4)
(1604,4.310197481020451E-6)
(5336,1.1046221254112046E-4)
(1545,1.1046221254112046E-4)
(8717,1.1046221254112046E-4)
(5790,1.1046221254112046E-4)
(5776,1.1046221254112046E-4)
(7859,1.1046221254112046E-4)
(1358,1.1046221254112046E-4)
(2917,1.1046221254112046E-4)
(8908,8.452212541120452E-6)
(4225,1.1046221254112046E-4)
(6047,1.1046221254112046E-4)
(8559,1.1046221254112046E-4)
(7730,1.1046221254112046E-4)
(5860,1.1046221254112046E-4)
(5277,1.1046221254112046E-4)
(5471,1.1046221254112046E-4)
(7734,1.1046221254112046E-4)
(2304,4.310197481020451E-6)
(2322,1.1046221254112046E-4)
(9592,1.1046221254112046E-4)
(8739,1.1046221254112046E-4)
(9424,1.1046221254112046E-4)
(3642,1.1046221254112046E-4)
(959,1.1046221254112046E-4)
(4401,1.0936852726843613E-6)
(7998,1.1046221254112046E-4)
(5237,1.1046221254112046E-4)
(8911,1.1046221254112046E-4)
(2076,1.1046221254112046E-4)
(9754,1.1046221254112046E-4)
(5318,1.1046221254112046E-4)
(9680,1.1046221254112046E-4)
(1039,1.1046221254112046E-4)
(1640,1.1046221254112046E-4)
(8577,1.1046221254112046E-4)
(3389,1.1046221254112046E-4)
(614,1.1046221254112046E-4)
(6975,1.1046221254112046E-4)
(7187,1.1046221254112046E-4)
(8108,8.452212541120452E-6)
(911,1.1046221254112046E-4)
(3477,1.1046221254112046E-4)
(4119,1.1046221254112046E-4)
(3660,1.1046221254112046E-4)
(386,1.1046221254112046E-4)
(2997,1.1046221254112046E-4)
(5662,1.1046221254112046E-4)
(2010,1.0462212541120453E-5)
(9570,1.1046221254112046E-4)
(4940,1.1046221254112046E-4)
(5428,1.1046221254112046E-4)
(5486,1.1046221254112046E-4)
(5134,1.1046221254112046E-4)
(4416,1.1046221254112046E-4)
(8353,1.1046221254112046E-4)
(5233,1.1046221254112046E-4)
(4669,1.1046221254112046E-4)
(7484,1.1046221254112046E-4)
(9538,1.1046221254112046E-4)
(4694,1.1046221254112046E-4)
(4511,1.1046221254112046E-4)
(1219,1.1046221254112046E-4)
(8496,1.1046221254112046E-4)
(9497,1.1046221254112046E-4)
(8702,2.1765419783124415E-6)
(133,1.1046221254112046E-4)
(1817,1.1046221254112046E-4)
(922,1.1046221254112046E-4)
(3929,1.1046221254112046E-4)
(6003,3.248677330419451E-6)
(3635,1.1046221254112046E-4)
(2722,1.1046221254112046E-4)
(2656,1.1046221254112046E-4)
(4753,1.1046221254112046E-4)
(8405,5.3612075311204505E-6)
(6751,1.1046221254112046E-4)
(4085,1.1046221254112046E-4)
(2616,1.1046221254112046E-4)
(3125,1.1046221254112046E-4)
(8672,1.1046221254112046E-4)
(401,1.0936852726843613E-6)
(8629,1.1046221254112046E-4)
(7576,1.1046221254112046E-4)
(1534,1.1046221254112046E-4)
(9226,1.1046221254112046E-4)
(4434,1.1046221254112046E-4)
(1549,1.1046221254112046E-4)
(6681,1.1046221254112046E-4)
(8867,1.1046221254112046E-4)
(2285,1.1046221254112046E-4)
(4926,1.1046221254112046E-4)
(3561,1.1046221254112046E-4)
(8885,1.1046221254112046E-4)
(7419,1.1046221254112046E-4)
(9581,1.1046221254112046E-4)
(4908,8.452212541120452E-6)
(9288,1.1046221254112046E-4)
(9277,1.1046221254112046E-4)
(9512,1.1046221254112046E-4)
(845,1.1046221254112046E-4)
(6399,1.1046221254112046E-4)
(9772,1.1046221254112046E-4)
(3419,1.1046221254112046E-4)
(5057,1.1046221254112046E-4)
(7312,1.1046221254112046E-4)
(6193,1.1046221254112046E-4)
(5464,1.1046221254112046E-4)
(6986,1.1046221254112046E-4)
(9219,1.1046221254112046E-4)
(5637,1.1046221254112046E-4)
(9501,1.0936852726843613E-6)
(5725,1.1046221254112046E-4)
(588,1.1046221254112046E-4)
(3132,1.1046221254112046E-4)
(7569,1.1046221254112046E-4)
(7370,1.1046221254112046E-4)
(218,1.1046221254112046E-4)
(559,1.1046221254112046E-4)
(4180,1.1046221254112046E-4)
(3763,1.1046221254112046E-4)
(9046,1.1046221254112046E-4)
(3837,1.1046221254112046E-4)
(8683,1.1046221254112046E-4)
(6520,1.1046221254112046E-4)
(3947,1.1046221254112046E-4)
(6292,1.1046221254112046E-4)
(1989,1.1046221254112046E-4)
(7709,9.462212541120453E-6)
(2179,1.1046221254112046E-4)
(6539,1.1046221254112046E-4)
(2788,1.1046221254112046E-4)
(3051,1.1046221254112046E-4)
(2638,1.1046221254112046E-4)
(4445,1.1046221254112046E-4)
(9310,1.0462212541120453E-5)
(9574,1.1046221254112046E-4)
(6553,1.1046221254112046E-4)
(8027,1.1046221254112046E-4)
(8254,1.1046221254112046E-4)
(4672,1.1046221254112046E-4)
(8661,1.1046221254112046E-4)
(9541,1.1046221254112046E-4)
(1835,1.1046221254112046E-4)
(3653,1.1046221254112046E-4)
(6799,1.1046221254112046E-4)
(2799,1.1046221254112046E-4)
(8012,1.1046221254112046E-4)
(430,1.1046221254112046E-4)
(2689,1.1046221254112046E-4)
(1251,1.1046221254112046E-4)
(3015,1.1046221254112046E-4)
(6531,1.1046221254112046E-4)
(8610,1.0462212541120453E-5)
(3198,1.1046221254112046E-4)
(4904,4.310197481020451E-6)
(7374,1.1046221254112046E-4)
(7958,1.1046221254112046E-4)
(3950,1.1046221254112046E-4)
(8852,1.1046221254112046E-4)
(698,1.1046221254112046E-4)
(6700,1.1046221254112046E-4)
(8786,1.1046221254112046E-4)
(6090,1.1046221254112046E-4)
(8647,1.1046221254112046E-4)
(9406,6.401811541120451E-6)
(607,7.432112541120452E-6)
(3866,1.1046221254112046E-4)
(6436,1.1046221254112046E-4)
(4375,1.1046221254112046E-4)
(78,1.1046221254112046E-4)
(6054,1.1046221254112046E-4)
(2256,1.1046221254112046E-4)
(6818,1.1046221254112046E-4)
(9307,7.432112541120452E-6)
(4555,1.1046221254112046E-4)
(2359,1.1046221254112046E-4)
(526,1.1046221254112046E-4)
(6377,1.1046221254112046E-4)
(8900,1.1046221254112046E-4)
(4016,1.1046221254112046E-4)
(9273,1.1046221254112046E-4)
(584,1.1046221254112046E-4)
(1321,1.1046221254112046E-4)
(5291,1.1046221254112046E-4)
(2289,1.1046221254112046E-4)
(456,1.1046221254112046E-4)
(2487,1.1046221254112046E-4)
(540,1.1046221254112046E-4)
(1222,1.1046221254112046E-4)
(6670,1.1046221254112046E-4)
(1567,1.1046221254112046E-4)
(7808,8.452212541120452E-6)
(6755,1.1046221254112046E-4)
(9167,1.1046221254112046E-4)
(41,1.1046221254112046E-4)
(3143,1.1046221254112046E-4)
(2777,1.1046221254112046E-4)
(4746,1.1046221254112046E-4)
(9101,1.0936852726843613E-6)
(8757,1.1046221254112046E-4)
(5655,1.1046221254112046E-4)
(1912,1.1046221254112046E-4)
(1394,1.1046221254112046E-4)
(5273,1.1046221254112046E-4)
(9758,1.1046221254112046E-4)
(2373,1.1046221254112046E-4)
(6142,1.1046221254112046E-4)
(4148,1.1046221254112046E-4)
(4371,1.1046221254112046E-4)
(3264,1.1046221254112046E-4)
(5585,1.1046221254112046E-4)
(9721,1.1046221254112046E-4)
(5949,1.1046221254112046E-4)
(5549,1.1046221254112046E-4)
(3073,1.1046221254112046E-4)
(3301,1.0936852726843613E-6)
(984,1.1046221254112046E-4)
(4364,1.1046221254112046E-4)
(3396,1.1046221254112046E-4)
(9248,1.1046221254112046E-4)
(2564,1.1046221254112046E-4)
(6560,1.1046221254112046E-4)
(1060,1.1046221254112046E-4)
(1266,1.1046221254112046E-4)
(4151,1.1046221254112046E-4)
(7495,1.1046221254112046E-4)
(6278,1.1046221254112046E-4)
(6113,1.1046221254112046E-4)
(2605,5.3612075311204505E-6)
(2685,1.1046221254112046E-4)
(4195,1.1046221254112046E-4)
(1482,1.1046221254112046E-4)
(3011,1.1046221254112046E-4)
(4515,1.1046221254112046E-4)
(1215,1.1046221254112046E-4)
(2829,1.1046221254112046E-4)
(1105,5.3612075311204505E-6)
(5424,1.1046221254112046E-4)
(1666,1.1046221254112046E-4)
(7639,1.1046221254112046E-4)
(3370,1.1046221254112046E-4)
(6414,1.1046221254112046E-4)
(7125,1.1046221254112046E-4)
(4863,1.1046221254112046E-4)
(294,1.1046221254112046E-4)
(4779,1.1046221254112046E-4)
(3536,1.1046221254112046E-4)
(7503,3.248677330419451E-6)
(4508,8.452212541120452E-6)
(2609,9.462212541120453E-6)
(4919,1.1046221254112046E-4)
(9383,1.1046221254112046E-4)
(676,1.1046221254112046E-4)
(8797,1.1046221254112046E-4)
(5530,1.1046221254112046E-4)
(7529,1.1046221254112046E-4)
(4937,1.1046221254112046E-4)
(6319,1.1046221254112046E-4)
(7572,1.1046221254112046E-4)
(9677,1.1046221254112046E-4)
(2036,1.1046221254112046E-4)
(7242,1.1046221254112046E-4)
(3808,8.452212541120452E-6)
(3547,1.1046221254112046E-4)
(8214,1.1046221254112046E-4)
(7880,1.1046221254112046E-4)
(6487,1.1046221254112046E-4)
(4331,1.1046221254112046E-4)
(4577,1.1046221254112046E-4)
(7561,1.1046221254112046E-4)
(1831,1.1046221254112046E-4)
(8360,1.1046221254112046E-4)
(7631,1.1046221254112046E-4)
(6557,1.1046221254112046E-4)
(4052,1.1046221254112046E-4)
(6300,1.1046221254112046E-4)
(2744,1.1046221254112046E-4)
(4298,1.1046221254112046E-4)
(9097,1.1046221254112046E-4)
(2308,8.452212541120452E-6)
(9761,1.1046221254112046E-4)
(5031,1.1046221254112046E-4)
(5677,1.1046221254112046E-4)
(5390,1.1046221254112046E-4)
(2025,1.1046221254112046E-4)
(8386,1.1046221254112046E-4)
(4009,9.462212541120453E-6)
(4519,1.1046221254112046E-4)
(6924,1.1046221254112046E-4)
(8063,1.1046221254112046E-4)
(7194,1.1046221254112046E-4)
(8092,1.1046221254112046E-4)
(2436,1.1046221254112046E-4)
(2641,1.1046221254112046E-4)
(3033,1.1046221254112046E-4)
(2182,1.1046221254112046E-4)
(2447,1.1046221254112046E-4)
(4409,9.462212541120453E-6)
(2135,1.1046221254112046E-4)
(3873,1.1046221254112046E-4)
(6469,1.1046221254112046E-4)
(3675,1.1046221254112046E-4)
(5189,1.1046221254112046E-4)
(1905,5.3612075311204505E-6)
(2560,1.1046221254112046E-4)
(8995,1.1046221254112046E-4)
(2238,1.1046221254112046E-4)
(9893,1.1046221254112046E-4)
(6667,1.1046221254112046E-4)
(6139,1.1046221254112046E-4)
(9985,1.1046221254112046E-4)
(7525,1.1046221254112046E-4)
(7855,1.1046221254112046E-4)
(8148,1.1046221254112046E-4)
(5615,1.1046221254112046E-4)
(1464,1.1046221254112046E-4)
(5578,1.1046221254112046E-4)
(6083,1.1046221254112046E-4)
(1387,1.1046221254112046E-4)
(7480,1.1046221254112046E-4)
(1787,1.1046221254112046E-4)
(2612,1.1046221254112046E-4)
(4614,1.1046221254112046E-4)
(823,1.1046221254112046E-4)
(2142,1.1046221254112046E-4)
(6652,1.1046221254112046E-4)
(8665,1.1046221254112046E-4)
(4030,1.1046221254112046E-4)
(8892,1.1046221254112046E-4)
(6593,1.1046221254112046E-4)
(4551,1.1046221254112046E-4)
(375,1.1046221254112046E-4)
(3103,3.248677330419451E-6)
(6021,1.1046221254112046E-4)
(9446,1.1046221254112046E-4)
(2087,1.1046221254112046E-4)
(2667,1.1046221254112046E-4)
(1776,1.1046221254112046E-4)
(2348,1.1046221254112046E-4)
(3925,1.1046221254112046E-4)
(4317,1.1046221254112046E-4)
(5303,3.248677330419451E-6)
(9769,1.1046221254112046E-4)
(5600,1.1046221254112046E-4)
(7921,1.1046221254112046E-4)
(6740,1.1046221254112046E-4)
(2032,1.1046221254112046E-4)
(9813,1.1046221254112046E-4)
(3859,1.1046221254112046E-4)
(7136,1.1046221254112046E-4)
(8225,1.1046221254112046E-4)
(4636,1.1046221254112046E-4)
(3606,6.401811541120451E-6)
(8643,1.1046221254112046E-4)
(4302,2.1765419783124415E-6)
(5453,1.1046221254112046E-4)
(9857,1.1046221254112046E-4)
(1237,1.1046221254112046E-4)
(2061,1.1046221254112046E-4)
(6186,1.1046221254112046E-4)
(2274,1.1046221254112046E-4)
(6568,1.1046221254112046E-4)
(9695,1.1046221254112046E-4)
(7356,1.1046221254112046E-4)
(2645,1.1046221254112046E-4)
(7437,1.1046221254112046E-4)
(6311,1.1046221254112046E-4)
(6407,7.432112541120452E-6)
(7099,1.1046221254112046E-4)
(6429,1.1046221254112046E-4)
(6748,1.1046221254112046E-4)
(2696,1.1046221254112046E-4)
(3246,1.1046221254112046E-4)
(3891,1.1046221254112046E-4)
(7884,1.1046221254112046E-4)
(768,1.1046221254112046E-4)
(148,1.1046221254112046E-4)
(878,1.1046221254112046E-4)
(7161,1.1046221254112046E-4)
(8658,1.1046221254112046E-4)
(2791,1.1046221254112046E-4)
(3521,1.1046221254112046E-4)
(7521,1.1046221254112046E-4)
(555,1.1046221254112046E-4)
(5985,1.1046221254112046E-4)
(6708,8.452212541120452E-6)
(7305,5.3612075311204505E-6)
(1970,1.1046221254112046E-4)
(6018,1.1046221254112046E-4)
(2652,1.1046221254112046E-4)
(364,1.1046221254112046E-4)
(5941,1.1046221254112046E-4)
(9156,1.1046221254112046E-4)
(8166,1.1046221254112046E-4)
(9831,1.1046221254112046E-4)
(27,1.1046221254112046E-4)
(5666,1.1046221254112046E-4)
(9068,1.1046221254112046E-4)
(6788,1.1046221254112046E-4)
(5310,1.0462212541120453E-5)
(2623,1.1046221254112046E-4)
(5963,1.1046221254112046E-4)
(3059,1.1046221254112046E-4)
(2627,1.1046221254112046E-4)
(3734,1.1046221254112046E-4)
(4287,1.1046221254112046E-4)
(5181,1.1046221254112046E-4)
(7844,1.1046221254112046E-4)
(7345,1.1046221254112046E-4)
(1864,1.1046221254112046E-4)
(4324,1.1046221254112046E-4)
(6656,1.1046221254112046E-4)
(8191,1.1046221254112046E-4)
(449,1.1046221254112046E-4)
(9376,1.1046221254112046E-4)
(3114,1.1046221254112046E-4)
(5369,1.1046221254112046E-4)
(7172,1.1046221254112046E-4)
(5783,1.1046221254112046E-4)
(6212,1.1046221254112046E-4)
(8067,1.1046221254112046E-4)
(8724,1.1046221254112046E-4)
(4591,1.1046221254112046E-4)
(7103,3.248677330419451E-6)
(159,1.1046221254112046E-4)
(632,1.1046221254112046E-4)
(4313,1.1046221254112046E-4)
(9130,1.1046221254112046E-4)
(4485,1.1046221254112046E-4)
(1673,1.1046221254112046E-4)
(7297,1.1046221254112046E-4)
(9820,1.1046221254112046E-4)
(2337,1.1046221254112046E-4)
(5563,1.1046221254112046E-4)
(6483,1.1046221254112046E-4)
(9479,1.1046221254112046E-4)
(7341,1.1046221254112046E-4)
(6403,3.248677330419451E-6)
(7895,1.1046221254112046E-4)
(56,1.1046221254112046E-4)
(9912,1.1046221254112046E-4)
(2557,1.1046221254112046E-4)
(9743,1.1046221254112046E-4)
(3323,1.1046221254112046E-4)
(9332,1.1046221254112046E-4)
(9956,1.1046221254112046E-4)
(9938,1.1046221254112046E-4)
(6917,1.1046221254112046E-4)
(2252,1.1046221254112046E-4)
(6847,1.1046221254112046E-4)
(9428,1.1046221254112046E-4)
(610,1.0462212541120453E-5)
(7756,1.1046221254112046E-4)
(4771,1.1046221254112046E-4)
(4845,1.1046221254112046E-4)
(2931,1.1046221254112046E-4)
(1031,1.1046221254112046E-4)
(9534,1.1046221254112046E-4)
(6876,1.1046221254112046E-4)
(8621,1.1046221254112046E-4)
(8881,1.1046221254112046E-4)
(7675,1.1046221254112046E-4)
(4104,4.310197481020451E-6)
(4562,1.1046221254112046E-4)
(8959,1.1046221254112046E-4)
(4346,1.1046221254112046E-4)
(9798,1.1046221254112046E-4)
(6601,1.0936852726843613E-6)
(9365,1.1046221254112046E-4)
(3169,1.1046221254112046E-4)
(100,1.1046221254112046E-4)
(3000,1.1046221254112046E-4)
(7811,1.1046221254112046E-4)
(3286,1.1046221254112046E-4)
(4650,1.1046221254112046E-4)
(7051,1.1046221254112046E-4)
(320,1.1046221254112046E-4)
(669,1.1046221254112046E-4)
(7738,1.1046221254112046E-4)
(7040,1.1046221254112046E-4)
(2362,1.1046221254112046E-4)
(2821,1.1046221254112046E-4)
(7147,1.1046221254112046E-4)
(3965,1.1046221254112046E-4)
(8290,1.1046221254112046E-4)
(8676,1.1046221254112046E-4)
(1468,1.1046221254112046E-4)
(441,1.1046221254112046E-4)
(4247,1.1046221254112046E-4)
(9732,1.1046221254112046E-4)
(9882,1.1046221254112046E-4)
(2410,1.0462212541120453E-5)
(5167,1.1046221254112046E-4)
(4357,1.1046221254112046E-4)
(7891,1.1046221254112046E-4)
(416,1.1046221254112046E-4)
(6227,1.1046221254112046E-4)
(849,1.1046221254112046E-4)
(3749,1.1046221254112046E-4)
(6362,1.1046221254112046E-4)
(6359,1.1046221254112046E-4)
(5402,2.1765419783124415E-6)
(1420,1.1046221254112046E-4)
(5857,1.1046221254112046E-4)
(2719,1.1046221254112046E-4)
(6612,1.1046221254112046E-4)
(6872,1.1046221254112046E-4)
(7231,1.1046221254112046E-4)
(8034,1.1046221254112046E-4)
(2186,1.1046221254112046E-4)
(2807,7.432112541120452E-6)
(2858,1.1046221254112046E-4)
(4122,1.1046221254112046E-4)
(4991,1.1046221254112046E-4)
(5178,1.1046221254112046E-4)
(793,1.1046221254112046E-4)
(4764,1.1046221254112046E-4)
(3569,1.1046221254112046E-4)
(89,1.1046221254112046E-4)
(7642,1.1046221254112046E-4)
(6957,1.1046221254112046E-4)
(1244,1.1046221254112046E-4)
(2407,7.432112541120452E-6)
(6348,1.1046221254112046E-4)
(5112,1.1046221254112046E-4)
(6821,1.1046221254112046E-4)
(6825,1.1046221254112046E-4)
(496,1.1046221254112046E-4)
(1626,1.1046221254112046E-4)
(7778,1.1046221254112046E-4)
(3305,5.3612075311204505E-6)
(5192,1.1046221254112046E-4)
(2007,7.432112541120452E-6)
(2230,1.1046221254112046E-4)
(10000,1.1046221254112046E-4)
(9992,1.1046221254112046E-4)
(1350,1.1046221254112046E-4)
(728,1.1046221254112046E-4)
(5691,1.1046221254112046E-4)
(8515,1.1046221254112046E-4)
(7091,1.1046221254112046E-4)
(9622,1.1046221254112046E-4)
(4496,1.1046221254112046E-4)
(6249,1.1046221254112046E-4)
(5185,1.1046221254112046E-4)
(8041,1.1046221254112046E-4)
(3738,1.1046221254112046E-4)
(7260,1.1046221254112046E-4)
(2418,1.1046221254112046E-4)
(4838,1.1046221254112046E-4)
(3293,1.1046221254112046E-4)
(2223,1.1046221254112046E-4)
(519,1.1046221254112046E-4)
(5325,1.1046221254112046E-4)
(3312,1.1046221254112046E-4)
(3628,1.1046221254112046E-4)
(7114,1.1046221254112046E-4)
(8951,1.1046221254112046E-4)
(3594,1.1046221254112046E-4)
(7804,4.310197481020451E-6)
(6069,1.1046221254112046E-4)
(2751,1.1046221254112046E-4)
(4632,1.1046221254112046E-4)
(1057,1.1046221254112046E-4)
(1509,9.462212541120453E-6)
(4588,1.1046221254112046E-4)
(566,1.1046221254112046E-4)
(4892,1.1046221254112046E-4)
(1853,1.1046221254112046E-4)
(5394,1.1046221254112046E-4)
(1725,1.1046221254112046E-4)
(5978,1.1046221254112046E-4)
(1376,1.1046221254112046E-4)
(5622,1.1046221254112046E-4)
(6726,1.1046221254112046E-4)
(1839,1.1046221254112046E-4)
(7008,8.452212541120452E-6)
(6061,1.1046221254112046E-4)
(8207,7.432112541120452E-6)
(9765,1.1046221254112046E-4)
(2340,1.1046221254112046E-4)
(9233,1.1046221254112046E-4)
(7059,1.1046221254112046E-4)
(3532,1.1046221254112046E-4)
(5376,1.1046221254112046E-4)
(7712,1.1046221254112046E-4)
(5930,1.1046221254112046E-4)
(8236,1.1046221254112046E-4)
(9662,1.1046221254112046E-4)
(3400,1.1046221254112046E-4)
(9127,1.1046221254112046E-4)
(9725,1.1046221254112046E-4)
(7282,1.1046221254112046E-4)
(92,1.1046221254112046E-4)
(5280,1.1046221254112046E-4)
(1156,1.1046221254112046E-4)
(2355,1.1046221254112046E-4)
(1934,1.1046221254112046E-4)
(6014,1.1046221254112046E-4)
(3899,1.1046221254112046E-4)
(7033,1.1046221254112046E-4)
(7253,1.1046221254112046E-4)
(328,1.1046221254112046E-4)
(9259,1.1046221254112046E-4)
(9585,1.1046221254112046E-4)
(6263,1.1046221254112046E-4)
(3804,4.310197481020451E-6)
(7202,2.1765419783124415E-6)
(9453,1.1046221254112046E-4)
(7547,1.1046221254112046E-4)
(8089,1.1046221254112046E-4)
(9736,1.1046221254112046E-4)
(8474,1.1046221254112046E-4)
(841,1.1046221254112046E-4)
(6836,1.1046221254112046E-4)
(4757,1.1046221254112046E-4)
(5820,1.1046221254112046E-4)
(7004,4.310197481020451E-6)
(504,4.310197481020451E-6)
(3789,1.1046221254112046E-4)
(9431,1.1046221254112046E-4)
(7150,1.1046221254112046E-4)
(5138,1.1046221254112046E-4)
(8173,1.1046221254112046E-4)
(287,1.1046221254112046E-4)
(812,1.1046221254112046E-4)
(5509,9.462212541120453E-6)
(9439,1.1046221254112046E-4)
(4540,1.1046221254112046E-4)
(1262,1.1046221254112046E-4)
(1020,1.1046221254112046E-4)
(1082,1.1046221254112046E-4)
(1662,1.1046221254112046E-4)
(650,1.1046221254112046E-4)
(3800,1.1046221254112046E-4)
(8511,1.1046221254112046E-4)
(7073,1.1046221254112046E-4)
(4870,1.1046221254112046E-4)
(562,1.1046221254112046E-4)
(856,1.1046221254112046E-4)
(948,1.1046221254112046E-4)
(1790,1.1046221254112046E-4)
(3213,1.1046221254112046E-4)
(7705,5.3612075311204505E-6)
(9251,1.1046221254112046E-4)
(4360,1.1046221254112046E-4)
(2586,1.1046221254112046E-4)
(3507,7.432112541120452E-6)
(4438,1.1046221254112046E-4)
(5479,1.1046221254112046E-4)
(760,1.1046221254112046E-4)
(9688,1.1046221254112046E-4)
(797,1.1046221254112046E-4)
(3004,4.310197481020451E-6)
(8746,1.1046221254112046E-4)
(7037,1.1046221254112046E-4)
(4492,1.1046221254112046E-4)
(8412,1.1046221254112046E-4)
(2472,1.1046221254112046E-4)
(1196,1.1046221254112046E-4)
(3910,1.0462212541120453E-5)
(9178,1.1046221254112046E-4)
(8937,1.1046221254112046E-4)
(4379,1.1046221254112046E-4)
(4335,1.1046221254112046E-4)
(3107,7.432112541120452E-6)
(7965,1.1046221254112046E-4)
(6029,1.1046221254112046E-4)
(9505,5.3612075311204505E-6)
(8144,1.1046221254112046E-4)
(8849,1.1046221254112046E-4)
(1431,1.1046221254112046E-4)
(7767,1.1046221254112046E-4)
(8720,1.1046221254112046E-4)
(229,1.1046221254112046E-4)
(6289,1.1046221254112046E-4)
(7433,1.1046221254112046E-4)
(9237,1.1046221254112046E-4)
(7440,1.1046221254112046E-4)
(8580,1.1046221254112046E-4)
(9369,1.1046221254112046E-4)
(6395,1.1046221254112046E-4)
(9783,1.1046221254112046E-4)
(6032,1.1046221254112046E-4)
(3422,1.1046221254112046E-4)
(2850,1.1046221254112046E-4)
(9509,9.462212541120453E-6)
(173,1.1046221254112046E-4)
(654,1.1046221254112046E-4)
(1093,1.1046221254112046E-4)
(1170,1.1046221254112046E-4)
(7118,1.1046221254112046E-4)
(5710,1.0462212541120453E-5)
(4922,1.1046221254112046E-4)
(9398,1.1046221254112046E-4)
(2726,1.1046221254112046E-4)
(1006,6.401811541120451E-6)
(6498,1.1046221254112046E-4)
(1332,1.1046221254112046E-4)
(892,1.1046221254112046E-4)
(9280,1.1046221254112046E-4)
(4207,7.432112541120452E-6)
(3415,1.1046221254112046E-4)
(7723,1.1046221254112046E-4)
(7363,1.1046221254112046E-4)
(6939,1.1046221254112046E-4)
(7822,1.1046221254112046E-4)
(4966,1.1046221254112046E-4)
(6968,1.1046221254112046E-4)
(7606,6.401811541120451E-6)
(1189,1.1046221254112046E-4)
(8519,1.1046221254112046E-4)
(5174,1.1046221254112046E-4)
(3862,1.1046221254112046E-4)
(3378,1.1046221254112046E-4)
(4108,8.452212541120452E-6)
(4830,1.1046221254112046E-4)
(5909,9.462212541120453E-6)
(4805,5.3612075311204505E-6)
(177,1.1046221254112046E-4)
(7279,1.1046221254112046E-4)
(7510,1.0462212541120453E-5)
(3851,1.1046221254112046E-4)
(2018,1.1046221254112046E-4)
(1035,1.1046221254112046E-4)
(827,1.1046221254112046E-4)
(1383,1.1046221254112046E-4)
(5240,1.1046221254112046E-4)
(3686,1.1046221254112046E-4)
(1585,1.1046221254112046E-4)
(162,1.1046221254112046E-4)
(4177,1.1046221254112046E-4)
(1318,1.1046221254112046E-4)
(988,1.1046221254112046E-4)
(3356,1.1046221254112046E-4)
(6935,1.1046221254112046E-4)
(9611,1.1046221254112046E-4)
(1530,1.1046221254112046E-4)
(580,1.1046221254112046E-4)
(9390,1.1046221254112046E-4)
(1538,1.1046221254112046E-4)
(2982,1.1046221254112046E-4)
(6546,1.1046221254112046E-4)
(2267,1.1046221254112046E-4)
(2939,1.1046221254112046E-4)
(5075,1.1046221254112046E-4)
(6124,1.1046221254112046E-4)
(805,5.3612075311204505E-6)
(5145,1.1046221254112046E-4)
(8944,1.1046221254112046E-4)
(1897,1.1046221254112046E-4)
(5295,1.1046221254112046E-4)
(3040,1.1046221254112046E-4)
(5875,1.1046221254112046E-4)
(1112,1.1046221254112046E-4)
(7565,1.1046221254112046E-4)
(313,1.1046221254112046E-4)
(9567,1.1046221254112046E-4)
(7176,1.1046221254112046E-4)
(1860,1.1046221254112046E-4)
(9909,9.462212541120453E-6)
(8210,1.0462212541120453E-5)
(4867,1.1046221254112046E-4)
(4111,1.1046221254112046E-4)
(4977,1.1046221254112046E-4)
(4243,1.1046221254112046E-4)
(2971,1.1046221254112046E-4)
(8603,3.248677330419451E-6)
(6201,1.0936852726843613E-6)
(7693,1.1046221254112046E-4)
(6230,1.1046221254112046E-4)
(7367,1.1046221254112046E-4)
(6971,1.1046221254112046E-4)
(2234,1.1046221254112046E-4)
(2766,1.1046221254112046E-4)
(1086,1.1046221254112046E-4)
(4793,1.1046221254112046E-4)
(1413,1.1046221254112046E-4)
(3451,1.1046221254112046E-4)
(4841,1.1046221254112046E-4)
(3297,1.1046221254112046E-4)
(151,1.1046221254112046E-4)
(896,1.1046221254112046E-4)
(9420,1.1046221254112046E-4)
(9354,1.1046221254112046E-4)
(5130,1.1046221254112046E-4)
(1581,1.1046221254112046E-4)
(4816,1.1046221254112046E-4)
(2014,1.1046221254112046E-4)
(6209,9.462212541120453E-6)
(4342,1.1046221254112046E-4)
(4452,1.1046221254112046E-4)
(4137,1.1046221254112046E-4)
(2296,1.1046221254112046E-4)
(335,1.1046221254112046E-4)
(1343,1.1046221254112046E-4)
(7558,1.1046221254112046E-4)
(4456,1.1046221254112046E-4)
(5152,1.1046221254112046E-4)
(1439,1.1046221254112046E-4)
(74,1.1046221254112046E-4)
(3341,1.1046221254112046E-4)
(8973,1.1046221254112046E-4)
(7840,1.1046221254112046E-4)
(3158,1.1046221254112046E-4)
(7594,1.1046221254112046E-4)
(6175,1.1046221254112046E-4)
(724,1.1046221254112046E-4)
(7488,1.1046221254112046E-4)
(7286,1.1046221254112046E-4)
(188,1.1046221254112046E-4)
(2366,1.1046221254112046E-4)
(5116,1.1046221254112046E-4)
(8896,1.1046221254112046E-4)
(4610,1.0462212541120453E-5)
(3778,1.1046221254112046E-4)
(2520,1.1046221254112046E-4)
(6076,1.1046221254112046E-4)
(3239,1.1046221254112046E-4)
(4984,1.1046221254112046E-4)
(8760,1.1046221254112046E-4)
(702,2.1765419783124415E-6)
(6609,9.462212541120453E-6)
(8324,1.1046221254112046E-4)
(2979,1.1046221254112046E-4)
(8328,1.1046221254112046E-4)
(7554,1.1046221254112046E-4)
(3624,1.1046221254112046E-4)
(3514,1.1046221254112046E-4)
(7763,1.1046221254112046E-4)
(9655,1.1046221254112046E-4)
(8317,1.1046221254112046E-4)
(889,1.1046221254112046E-4)
(2201,1.0936852726843613E-6)
(1424,1.1046221254112046E-4)
(4470,1.1046221254112046E-4)
(4070,1.1046221254112046E-4)
(8221,1.1046221254112046E-4)
(1714,1.1046221254112046E-4)
(629,1.1046221254112046E-4)
(2506,6.401811541120451E-6)
(9031,1.1046221254112046E-4)
(3048,1.1046221254112046E-4)
(2920,1.1046221254112046E-4)
(3334,1.1046221254112046E-4)
(7851,1.1046221254112046E-4)
(7224,1.1046221254112046E-4)
(6638,1.1046221254112046E-4)
(3374,1.1046221254112046E-4)
(5787,1.1046221254112046E-4)
(3646,1.1046221254112046E-4)
(23,1.1046221254112046E-4)
(6333,1.1046221254112046E-4)
(8427,1.1046221254112046E-4)
(1233,1.1046221254112046E-4)
(3822,1.1046221254112046E-4)
(5468,1.1046221254112046E-4)
(5901,1.0936852726843613E-6)
(8735,1.1046221254112046E-4)
(7206,6.401811541120451E-6)
(2227,1.1046221254112046E-4)
(409,9.462212541120453E-6)
(4100,1.1046221254112046E-4)
(3044,1.1046221254112046E-4)
(5358,1.1046221254112046E-4)
(2476,1.1046221254112046E-4)
(4368,1.1046221254112046E-4)
(8180,1.1046221254112046E-4)
(9347,1.1046221254112046E-4)
(4900,1.1046221254112046E-4)
(5659,1.1046221254112046E-4)
(8771,1.1046221254112046E-4)
(331,1.1046221254112046E-4)
(4768,1.1046221254112046E-4)
(4166,1.1046221254112046E-4)
(3932,1.1046221254112046E-4)
(4823,1.1046221254112046E-4)
(7462,1.1046221254112046E-4)
(6494,1.1046221254112046E-4)
(9673,1.1046221254112046E-4)
(1637,1.1046221254112046E-4)
(9905,5.3612075311204505E-6)
(2737,1.1046221254112046E-4)
(7800,1.1046221254112046E-4)
(382,1.1046221254112046E-4)
(7819,1.1046221254112046E-4)
(3206,6.401811541120451E-6)
(9787,1.1046221254112046E-4)
(7381,1.1046221254112046E-4)
(6902,2.1765419783124415E-6)
(5842,1.1046221254112046E-4)
(8100,1.1046221254112046E-4)
(2270,1.1046221254112046E-4)
(1134,1.1046221254112046E-4)
(3352,1.1046221254112046E-4)
(272,1.1046221254112046E-4)
(5053,1.1046221254112046E-4)
(5765,1.1046221254112046E-4)
(9244,1.1046221254112046E-4)
(9291,1.1046221254112046E-4)
(625,1.1046221254112046E-4)
(6117,1.1046221254112046E-4)
(9806,6.401811541120451E-6)
(7473,1.1046221254112046E-4)
(4210,1.0462212541120453E-5)
(4272,1.1046221254112046E-4)
(368,1.1046221254112046E-4)
(7301,1.0936852726843613E-6)
(6454,1.1046221254112046E-4)
(1325,1.1046221254112046E-4)
(5248,1.1046221254112046E-4)
(6528,1.1046221254112046E-4)
(4885,1.1046221254112046E-4)
(276,1.1046221254112046E-4)
(4063,1.1046221254112046E-4)
(5619,1.1046221254112046E-4)
(1886,1.1046221254112046E-4)
(1721,1.1046221254112046E-4)
(9152,1.1046221254112046E-4)
(2047,1.1046221254112046E-4)
(6502,2.1765419783124415E-6)
(6810,1.0462212541120453E-5)
(8115,1.1046221254112046E-4)
(423,1.1046221254112046E-4)
(4115,1.1046221254112046E-4)
(7932,1.1046221254112046E-4)
(5589,1.1046221254112046E-4)
(3503,3.248677330419451E-6)
(2513,1.1046221254112046E-4)
(9181,1.1046221254112046E-4)
(6216,1.1046221254112046E-4)
(8980,1.1046221254112046E-4)
(2704,4.310197481020451E-6)
(3576,1.1046221254112046E-4)
(8977,1.1046221254112046E-4)
(4827,1.1046221254112046E-4)
(9516,1.1046221254112046E-4)
(3998,1.1046221254112046E-4)
(9718,1.1046221254112046E-4)
(522,1.1046221254112046E-4)
(7550,1.1046221254112046E-4)
(9105,5.3612075311204505E-6)
(9644,1.1046221254112046E-4)
(7837,1.1046221254112046E-4)
(3367,1.1046221254112046E-4)
(1651,1.1046221254112046E-4)
(9002,2.1765419783124415E-6)
(1417,1.1046221254112046E-4)
(3316,1.1046221254112046E-4)
(8764,1.1046221254112046E-4)
(4089,1.1046221254112046E-4)
(9138,1.1046221254112046E-4)
(8607,7.432112541120452E-6)
(1541,1.1046221254112046E-4)
(445,1.1046221254112046E-4)
(1109,9.462212541120453E-6)
(1204,4.310197481020451E-6)
(9714,1.1046221254112046E-4)
(6094,1.1046221254112046E-4)
(6898,1.1046221254112046E-4)
(4353,1.1046221254112046E-4)
(7389,1.1046221254112046E-4)
(180,1.1046221254112046E-4)
(2803,3.248677330419451E-6)
(7246,1.1046221254112046E-4)
(7448,1.1046221254112046E-4)
(3590,1.1046221254112046E-4)
(9879,1.1046221254112046E-4)
(1460,1.1046221254112046E-4)
(966,1.1046221254112046E-4)
(7015,1.1046221254112046E-4)
(9842,1.1046221254112046E-4)
(3385,1.1046221254112046E-4)
(6036,1.1046221254112046E-4)
(4698,1.1046221254112046E-4)
(2120,1.1046221254112046E-4)
(1505,5.3612075311204505E-6)
(5736,1.1046221254112046E-4)
(2193,1.1046221254112046E-4)
(7451,1.1046221254112046E-4)
(8779,1.1046221254112046E-4)
(8155,1.1046221254112046E-4)
(573,1.1046221254112046E-4)
(2759,1.1046221254112046E-4)
(6773,1.1046221254112046E-4)
(8782,1.1046221254112046E-4)
(7833,1.1046221254112046E-4)
(7198,1.1046221254112046E-4)
(3510,1.0462212541120453E-5)
(595,1.1046221254112046E-4)
(6146,1.1046221254112046E-4)
(1071,1.1046221254112046E-4)
(3480,1.1046221254112046E-4)
(2649,1.1046221254112046E-4)
(7466,1.1046221254112046E-4)
(7507,7.432112541120452E-6)
(6128,1.1046221254112046E-4)
(9794,1.1046221254112046E-4)
(6450,1.1046221254112046E-4)
(6795,1.1046221254112046E-4)
(2836,1.1046221254112046E-4)
(4005,5.3612075311204505E-6)
(694,1.1046221254112046E-4)
(4133,1.1046221254112046E-4)
(1754,1.1046221254112046E-4)
(4948,1.1046221254112046E-4)
(9464,1.1046221254112046E-4)
(1075,1.1046221254112046E-4)
(8375,1.1046221254112046E-4)
(2898,1.1046221254112046E-4)
(9295,1.1046221254112046E-4)
(9776,1.1046221254112046E-4)
(3572,1.1046221254112046E-4)
(7084,1.1046221254112046E-4)
(207,7.432112541120452E-6)
(9633,1.1046221254112046E-4)
(5251,1.1046221254112046E-4)
(1336,1.1046221254112046E-4)
(6597,1.1046221254112046E-4)
(5897,1.1046221254112046E-4)
(3554,1.1046221254112046E-4)
(7044,1.1046221254112046E-4)
(904,4.310197481020451E-6)
(1794,1.1046221254112046E-4)
(8382,1.1046221254112046E-4)
(1648,1.1046221254112046E-4)
(9149,1.1046221254112046E-4)
(5372,1.1046221254112046E-4)
(2784,1.1046221254112046E-4)
(8706,6.401811541120451E-6)
(8470,1.1046221254112046E-4)
(9949,1.1046221254112046E-4)
(2090,1.1046221254112046E-4)
(8540,1.1046221254112046E-4)
(962,1.1046221254112046E-4)
(951,1.1046221254112046E-4)
(4760,1.1046221254112046E-4)
(735,1.1046221254112046E-4)
(7785,1.1046221254112046E-4)
(1453,1.1046221254112046E-4)
(6380,1.1046221254112046E-4)
(302,2.1765419783124415E-6)
(221,1.1046221254112046E-4)
(6630,1.1046221254112046E-4)
(4232,1.1046221254112046E-4)
(2315,1.1046221254112046E-4)
(4236,1.1046221254112046E-4)
(3518,1.1046221254112046E-4)
(3602,2.1765419783124415E-6)
(2924,1.1046221254112046E-4)
(5729,1.1046221254112046E-4)
(6432,1.1046221254112046E-4)
(3697,1.1046221254112046E-4)
(5967,1.1046221254112046E-4)
(9204,4.310197481020451E-6)
(1398,1.1046221254112046E-4)
(9325,1.1046221254112046E-4)
(9552,1.1046221254112046E-4)
(1659,1.1046221254112046E-4)
(5141,1.1046221254112046E-4)
(2678,1.1046221254112046E-4)
(3110,1.0462212541120453E-5)
(9747,1.1046221254112046E-4)
(6641,1.1046221254112046E-4)
(7396,1.1046221254112046E-4)
(4728,1.1046221254112046E-4)
(6391,1.1046221254112046E-4)
(184,1.1046221254112046E-4)
(511,1.1046221254112046E-4)
(2429,1.1046221254112046E-4)
(5262,1.1046221254112046E-4)
(1578,1.1046221254112046E-4)
(2278,1.1046221254112046E-4)
(3194,1.1046221254112046E-4)
(9967,1.1046221254112046E-4)
(9871,1.1046221254112046E-4)
(5831,1.1046221254112046E-4)
(2993,1.1046221254112046E-4)
(7000,1.1046221254112046E-4)
(1365,1.1046221254112046E-4)
(4955,1.1046221254112046E-4)
(8250,1.1046221254112046E-4)
(7947,1.1046221254112046E-4)
(4933,1.1046221254112046E-4)
(8863,1.1046221254112046E-4)
(2245,1.1046221254112046E-4)
(7378,1.1046221254112046E-4)
(7491,1.1046221254112046E-4)
(8816,1.1046221254112046E-4)
(5398,1.1046221254112046E-4)
(2546,1.1046221254112046E-4)
(881,1.1046221254112046E-4)
(5042,1.1046221254112046E-4)
(937,1.1046221254112046E-4)
(3903,3.248677330419451E-6)
(5527,1.1046221254112046E-4)
(5714,1.1046221254112046E-4)
(195,1.1046221254112046E-4)
(1879,1.1046221254112046E-4)
(8904,4.310197481020451E-6)
(2300,1.1046221254112046E-4)
(9578,1.1046221254112046E-4)
(6524,1.1046221254112046E-4)
(3176,1.1046221254112046E-4)
(9545,1.1046221254112046E-4)
(8467,1.1046221254112046E-4)
(9460,1.1046221254112046E-4)
(6920,1.1046221254112046E-4)
(7668,1.1046221254112046E-4)
(360,1.1046221254112046E-4)
(6960,1.1046221254112046E-4)
(6131,1.1046221254112046E-4)
(2380,1.1046221254112046E-4)
(4856,1.1046221254112046E-4)
(2458,1.1046221254112046E-4)
(8801,1.0936852726843613E-6)
(1802,2.1765419783124415E-6)
(5608,8.452212541120452E-6)
(1772,1.1046221254112046E-4)
(3855,1.1046221254112046E-4)
(8614,1.1046221254112046E-4)
(4449,1.1046221254112046E-4)
(5644,1.1046221254112046E-4)
(7129,1.1046221254112046E-4)
(9145,1.1046221254112046E-4)
(283,1.1046221254112046E-4)
(9596,1.1046221254112046E-4)
(2175,1.1046221254112046E-4)
(6883,1.1046221254112046E-4)
(3275,1.1046221254112046E-4)
(3639,1.1046221254112046E-4)
(3161,1.1046221254112046E-4)
(6869,1.1046221254112046E-4)
(6065,1.1046221254112046E-4)
(9053,1.1046221254112046E-4)
(7914,1.1046221254112046E-4)
(9691,1.1046221254112046E-4)
(9563,1.1046221254112046E-4)
(1211,1.1046221254112046E-4)
(8478,1.1046221254112046E-4)
(908,8.452212541120452E-6)
(7671,1.1046221254112046E-4)
(1938,1.1046221254112046E-4)
(8654,1.1046221254112046E-4)
(1842,1.1046221254112046E-4)
(3745,1.1046221254112046E-4)
(1291,1.1046221254112046E-4)
(9215,1.1046221254112046E-4)
(4500,1.1046221254112046E-4)
(3268,1.1046221254112046E-4)
(8838,1.1046221254112046E-4)
(108,8.452212541120452E-6)
(6157,1.1046221254112046E-4)
(1501,1.0936852726843613E-6)
(6322,1.1046221254112046E-4)
(6733,1.1046221254112046E-4)
(5893,1.1046221254112046E-4)
(7983,1.1046221254112046E-4)
(3781,1.1046221254112046E-4)
(830,1.1046221254112046E-4)
(8537,1.1046221254112046E-4)
(9174,1.1046221254112046E-4)
(1945,1.1046221254112046E-4)
(2630,1.1046221254112046E-4)
(1974,1.1046221254112046E-4)
(8870,1.1046221254112046E-4)
(5868,1.1046221254112046E-4)
(7910,1.0462212541120453E-5)
(551,1.1046221254112046E-4)
(926,1.1046221254112046E-4)
(5497,1.1046221254112046E-4)
(2391,1.1046221254112046E-4)
(6780,1.1046221254112046E-4)
(393,1.1046221254112046E-4)
(3147,1.1046221254112046E-4)
(6384,1.1046221254112046E-4)
(6744,1.1046221254112046E-4)
(1255,1.1046221254112046E-4)
(782,1.1046221254112046E-4)
(3440,1.1046221254112046E-4)
(119,1.1046221254112046E-4)
(2773,1.1046221254112046E-4)
(6355,1.1046221254112046E-4)
(9196,1.1046221254112046E-4)
(4478,1.1046221254112046E-4)
(7749,1.1046221254112046E-4)
(5431,1.1046221254112046E-4)
(8357,1.1046221254112046E-4)
(1563,1.1046221254112046E-4)
(2795,1.1046221254112046E-4)
(816,1.1046221254112046E-4)
(1633,1.1046221254112046E-4)
(8283,1.1046221254112046E-4)
(5413,1.1046221254112046E-4)
(7055,1.1046221254112046E-4)
(4159,1.1046221254112046E-4)
(7602,2.1765419783124415E-6)
(1703,3.248677330419451E-6)
(8456,1.1046221254112046E-4)
(8889,1.1046221254112046E-4)
(2146,1.1046221254112046E-4)
(5226,1.1046221254112046E-4)
(7969,1.1046221254112046E-4)
(8933,1.1046221254112046E-4)
(4074,1.1046221254112046E-4)
(7080,1.1046221254112046E-4)
(6373,1.1046221254112046E-4)
(4221,1.1046221254112046E-4)
(2894,1.1046221254112046E-4)
(9042,1.1046221254112046E-4)
(8544,1.1046221254112046E-4)
(2935,1.1046221254112046E-4)
(9886,1.1046221254112046E-4)
(3437,1.1046221254112046E-4)
(4328,1.1046221254112046E-4)
(4676,1.1046221254112046E-4)
(269,1.1046221254112046E-4)
(2582,1.1046221254112046E-4)
(1527,1.1046221254112046E-4)
(6894,1.1046221254112046E-4)
(371,1.1046221254112046E-4)
(9,9.462212541120453E-6)
(9006,6.401811541120451E-6)
(7107,7.432112541120452E-6)
(508,8.452212541120452E-6)
(2957,1.1046221254112046E-4)
(9549,1.1046221254112046E-4)
(7411,1.1046221254112046E-4)
(9930,1.1046221254112046E-4)
(706,6.401811541120451E-6)
(8841,1.1046221254112046E-4)
(6762,1.1046221254112046E-4)
(4397,1.1046221254112046E-4)
(8335,1.1046221254112046E-4)
(1208,8.452212541120452E-6)
(1,1.0936852726843613E-6)
(5002,2.1765419783124415E-6)
(6296,1.1046221254112046E-4)
(1259,1.1046221254112046E-4)
(1024,1.1046221254112046E-4)
(5219,1.1046221254112046E-4)
(3525,1.1046221254112046E-4)
(155,1.1046221254112046E-4)
(9981,1.1046221254112046E-4)
(2913,1.1046221254112046E-4)
(3426,1.1046221254112046E-4)
(6689,1.1046221254112046E-4)
(9835,1.1046221254112046E-4)
(5952,1.1046221254112046E-4)
(4809,9.462212541120453E-6)
(2069,1.1046221254112046E-4)
(8104,4.310197481020451E-6)
(8151,1.1046221254112046E-4)
(8636,1.1046221254112046E-4)
(5460,1.1046221254112046E-4)
(2209,9.462212541120453E-6)
(955,1.1046221254112046E-4)
(3224,1.1046221254112046E-4)
(4056,1.1046221254112046E-4)
(4720,1.1046221254112046E-4)
(3345,1.1046221254112046E-4)
(2333,1.1046221254112046E-4)
(2902,2.1765419783124415E-6)
(1992,1.1046221254112046E-4)
(9189,1.1046221254112046E-4)
(3712,1.1046221254112046E-4)
(122,1.1046221254112046E-4)
(2597,1.1046221254112046E-4)
(2542,1.1046221254112046E-4)
(9729,1.1046221254112046E-4)
(1644,1.1046221254112046E-4)
(834,1.1046221254112046E-4)
(8265,1.1046221254112046E-4)
(4834,1.1046221254112046E-4)
(7132,1.1046221254112046E-4)
(4915,1.1046221254112046E-4)
(3583,1.1046221254112046E-4)
(8397,1.1046221254112046E-4)
(9192,1.1046221254112046E-4)
(115,1.1046221254112046E-4)
(9343,1.1046221254112046E-4)
(8430,1.1046221254112046E-4)
(548,1.1046221254112046E-4)
(1152,1.1046221254112046E-4)
(1028,1.1046221254112046E-4)
(2263,1.1046221254112046E-4)
(3228,1.1046221254112046E-4)
(45,1.1046221254112046E-4)
(1981,1.1046221254112046E-4)
(6043,1.1046221254112046E-4)
(2139,1.1046221254112046E-4)
(7686,1.1046221254112046E-4)
(9266,1.1046221254112046E-4)
(4878,1.1046221254112046E-4)
(3884,1.1046221254112046E-4)
(8874,1.1046221254112046E-4)
(5592,1.1046221254112046E-4)
(1923,1.1046221254112046E-4)
(1996,1.1046221254112046E-4)
(9413,1.1046221254112046E-4)
(2490,1.1046221254112046E-4)
(8287,1.1046221254112046E-4)
(9626,1.1046221254112046E-4)
(4430,1.1046221254112046E-4)
(63,1.1046221254112046E-4)
(3150,1.1046221254112046E-4)
(298,1.1046221254112046E-4)
(3877,1.1046221254112046E-4)
(9493,1.1046221254112046E-4)
(4162,1.1046221254112046E-4)
(5651,1.1046221254112046E-4)
(7635,1.1046221254112046E-4)
(9361,1.1046221254112046E-4)
(8081,1.1046221254112046E-4)
(7950,1.1046221254112046E-4)
(3983,1.1046221254112046E-4)
(8313,1.1046221254112046E-4)
(7657,1.1046221254112046E-4)
(3819,1.1046221254112046E-4)
(3844,1.1046221254112046E-4)
(6447,1.1046221254112046E-4)
(3088,1.1046221254112046E-4)
(1806,6.401811541120451E-6)
(4034,1.1046221254112046E-4)
(731,1.1046221254112046E-4)
(6106,6.401811541120451E-6)
(8438,1.1046221254112046E-4)
(9471,1.1046221254112046E-4)
(8085,1.1046221254112046E-4)
(7620,1.1046221254112046E-4)
(1611,1.1046221254112046E-4)
(2351,1.1046221254112046E-4)
(1046,1.1046221254112046E-4)
(9039,1.1046221254112046E-4)
(5581,1.1046221254112046E-4)
(3381,1.1046221254112046E-4)
(1329,1.1046221254112046E-4)
(9996,1.1046221254112046E-4)
(8690,1.1046221254112046E-4)
(2715,1.1046221254112046E-4)
(2160,1.1046221254112046E-4)
(2733,1.1046221254112046E-4)
(4896,1.1046221254112046E-4)
(9109,9.462212541120453E-6)
(599,1.1046221254112046E-4)
(2861,1.1046221254112046E-4)
(6685,1.1046221254112046E-4)
(687,1.1046221254112046E-4)
(591,1.1046221254112046E-4)
(8698,1.1046221254112046E-4)
(5916,1.1046221254112046E-4)
(4537,1.1046221254112046E-4)
(8445,1.1046221254112046E-4)
(9329,1.1046221254112046E-4)
(7275,1.1046221254112046E-4)
(214,1.1046221254112046E-4)
(4544,1.1046221254112046E-4)
(7899,1.1046221254112046E-4)
(34,1.1046221254112046E-4)
(5864,1.1046221254112046E-4)
(6829,1.1046221254112046E-4)
(8830,1.1046221254112046E-4)
(2847,1.1046221254112046E-4)
(5028,1.1046221254112046E-4)
(6205,5.3612075311204505E-6)
(4607,7.432112541120452E-6)
(3792,1.1046221254112046E-4)
(4320,1.1046221254112046E-4)
(3136,1.1046221254112046E-4)
(6953,1.1046221254112046E-4)
(7701,1.0936852726843613E-6)
(2964,1.1046221254112046E-4)
(2421,1.1046221254112046E-4)
(6807,7.432112541120452E-6)
(7011,1.1046221254112046E-4)
(3617,1.1046221254112046E-4)
(2344,1.1046221254112046E-4)
(5439,1.1046221254112046E-4)
(4393,1.1046221254112046E-4)
(1574,1.1046221254112046E-4)
(6931,1.1046221254112046E-4)
(9200,1.1046221254112046E-4)
(8269,1.1046221254112046E-4)
(1523,1.1046221254112046E-4)
(5512,1.1046221254112046E-4)
(481,1.1046221254112046E-4)
(1718,1.1046221254112046E-4)
(7404,4.310197481020451E-6)
(9897,1.1046221254112046E-4)
(5064,1.1046221254112046E-4)
(4533,1.1046221254112046E-4)
(3730,1.1046221254112046E-4)
(5387,1.1046221254112046E-4)
(1978,1.1046221254112046E-4)
(7169,1.1046221254112046E-4)
(4096,1.1046221254112046E-4)
(5534,1.1046221254112046E-4)
(3220,1.1046221254112046E-4)
(3172,1.1046221254112046E-4)
(4214,1.1046221254112046E-4)
(6340,1.1046221254112046E-4)
(2106,6.401811541120451E-6)
(1042,1.1046221254112046E-4)
(7426,1.1046221254112046E-4)
(7624,1.1046221254112046E-4)
(1163,1.1046221254112046E-4)
(4849,1.1046221254112046E-4)
(1064,1.1046221254112046E-4)
(3693,1.1046221254112046E-4)
(3543,1.1046221254112046E-4)
(1699,1.1046221254112046E-4)
(7907,7.432112541120452E-6)
(5046,1.1046221254112046E-4)
