(3492,1.1046221254112046E-4)
(736,1.1046221254112046E-4)
(6048,1.1046221254112046E-4)
(8989,1.1046221254112046E-4)
(1245,1.1046221254112046E-4)
(6646,1.1046221254112046E-4)
(5319,1.1046221254112046E-4)
(5971,1.1046221254112046E-4)
(9487,1.1046221254112046E-4)
(7926,1.1046221254112046E-4)
(6628,1.1046221254112046E-4)
(8435,1.1046221254112046E-4)
(5872,1.1046221254112046E-4)
(6293,1.1046221254112046E-4)
(3283,1.1046221254112046E-4)
(5362,1.1046221254112046E-4)
(2033,1.1046221254112046E-4)
(7096,1.1046221254112046E-4)
(3221,1.1046221254112046E-4)
(7232,1.1046221254112046E-4)
(2114,1.1046221254112046E-4)
(8673,1.1046221254112046E-4)
(7830,1.1046221254112046E-4)
(989,1.1046221254112046E-4)
(7342,1.1046221254112046E-4)
(4538,1.1046221254112046E-4)
(9230,1.1046221254112046E-4)
(5975,1.1046221254112046E-4)
(5274,1.1046221254112046E-4)
(7676,1.1046221254112046E-4)
(7364,1.1046221254112046E-4)
(9579,1.1046221254112046E-4)
(9311,1.1046221254112046E-4)
(6426,1.1046221254112046E-4)
(6015,1.1046221254112046E-4)
(831,1.1046221254112046E-4)
(9586,1.1046221254112046E-4)
(1308,8.452212541120452E-6)
(2558,1.1046221254112046E-4)
(7559,1.1046221254112046E-4)
(9205,5.3612075311204505E-6)
(7603,3.248677330419451E-6)
(3867,1.1046221254112046E-4)
(6334,1.1046221254112046E-4)
(6664,1.1046221254112046E-4)
(4860,1.1046221254112046E-4)
(2242,1.1046221254112046E-4)
(4204,4.310197481020451E-6)
(1601,1.0936852726843613E-6)
(1917,1.1046221254112046E-4)
(3159,1.1046221254112046E-4)
(8196,1.1046221254112046E-4)
(178,1.1046221254112046E-4)
(1472,1.1046221254112046E-4)
(31,1.1046221254112046E-4)
(8729,1.1046221254112046E-4)
(9894,1.1046221254112046E-4)
(4387,1.1046221254112046E-4)
(4398,1.1046221254112046E-4)
(5047,1.1046221254112046E-4)
(6837,1.1046221254112046E-4)
(8042,1.1046221254112046E-4)
(5135,1.1046221254112046E-4)
(556,1.1046221254112046E-4)
(3573,1.1046221254112046E-4)
(7717,1.1046221254112046E-4)
(383,1.1046221254112046E-4)
(2132,1.1046221254112046E-4)
(7423,1.1046221254112046E-4)
(8787,1.1046221254112046E-4)
(9865,1.1046221254112046E-4)
(8585,1.1046221254112046E-4)
(8736,1.1046221254112046E-4)
(5021,1.1046221254112046E-4)
(5593,1.1046221254112046E-4)
(2480,1.1046221254112046E-4)
(4057,1.1046221254112046E-4)
(6932,1.1046221254112046E-4)
(9476,1.1046221254112046E-4)
(6741,1.1046221254112046E-4)
(1241,1.1046221254112046E-4)
(7647,1.1046221254112046E-4)
(5469,1.1046221254112046E-4)
(7023,1.1046221254112046E-4)
(7184,1.1046221254112046E-4)
(5766,1.1046221254112046E-4)
(9209,9.462212541120453E-6)
(729,1.1046221254112046E-4)
(5384,1.1046221254112046E-4)
(7236,1.1046221254112046E-4)
(1384,1.1046221254112046E-4)
(6220,1.1046221254112046E-4)
(8031,1.1046221254112046E-4)
(8828,1.1046221254112046E-4)
(5249,1.1046221254112046E-4)
(1546,1.1046221254112046E-4)
(4949,1.1046221254112046E-4)
(6587,1.1046221254112046E-4)
(4556,1.1046221254112046E-4)
(406,6.401811541120451E-6)
(9902,2.1765419783124415E-6)
(6466,1.1046221254112046E-4)
(3830,1.1046221254112046E-4)
(1351,1.1046221254112046E-4)
(3045,1.1046221254112046E-4)
(1836,1.1046221254112046E-4)
(9575,1.1046221254112046E-4)
(259,1.1046221254112046E-4)
(2547,1.1046221254112046E-4)
(7416,1.1046221254112046E-4)
(6271,1.1046221254112046E-4)
(174,1.1046221254112046E-4)
(7290,1.1046221254112046E-4)
(1928,1.1046221254112046E-4)
(9528,1.1046221254112046E-4)
(3588,1.1046221254112046E-4)
(7441,1.1046221254112046E-4)
(6239,1.1046221254112046E-4)
(4644,1.1046221254112046E-4)
(6473,1.1046221254112046E-4)
(413,1.1046221254112046E-4)
(471,1.1046221254112046E-4)
(4615,1.1046221254112046E-4)
(7409,9.462212541120453E-6)
(8215,1.1046221254112046E-4)
(5359,1.1046221254112046E-4)
(7144,1.1046221254112046E-4)
(9201,1.0936852726843613E-6)
(1971,1.1046221254112046E-4)
(5744,1.1046221254112046E-4)
(9319,1.1046221254112046E-4)
(5230,1.1046221254112046E-4)
(9296,1.1046221254112046E-4)
(2147,1.1046221254112046E-4)
(1535,1.1046221254112046E-4)
(8208,8.452212541120452E-6)
(1139,1.1046221254112046E-4)
(6008,8.452212541120452E-6)
(6994,1.1046221254112046E-4)
(8680,1.1046221254112046E-4)
(5928,1.1046221254112046E-4)
(6392,1.1046221254112046E-4)
(9917,1.1046221254112046E-4)
(2998,1.1046221254112046E-4)
(8310,1.0462212541120453E-5)
(3764,1.1046221254112046E-4)
(8776,1.1046221254112046E-4)
(4596,1.1046221254112046E-4)
(938,1.1046221254112046E-4)
(3504,4.310197481020451E-6)
(222,1.1046221254112046E-4)
(2587,1.1046221254112046E-4)
(5087,1.1046221254112046E-4)
(8545,1.1046221254112046E-4)
(5447,1.1046221254112046E-4)
(6194,1.1046221254112046E-4)
(5821,1.1046221254112046E-4)
(5564,1.1046221254112046E-4)
(7816,1.1046221254112046E-4)
(6477,1.1046221254112046E-4)
(4772,1.1046221254112046E-4)
(1513,1.1046221254112046E-4)
(7195,1.1046221254112046E-4)
(8200,1.1046221254112046E-4)
(2583,1.1046221254112046E-4)
(2734,1.1046221254112046E-4)
(3441,1.1046221254112046E-4)
(4042,1.1046221254112046E-4)
(2954,1.1046221254112046E-4)
(8299,1.1046221254112046E-4)
(637,1.1046221254112046E-4)
(7881,1.1046221254112046E-4)
(240,1.1046221254112046E-4)
(6084,1.1046221254112046E-4)
(5777,1.1046221254112046E-4)
(2301,1.0936852726843613E-6)
(2851,1.1046221254112046E-4)
(4428,1.1046221254112046E-4)
(6422,1.1046221254112046E-4)
(8240,1.1046221254112046E-4)
(105,5.3612075311204505E-6)
(9670,1.1046221254112046E-4)
(7456,1.1046221254112046E-4)
(6411,1.1046221254112046E-4)
(7933,1.1046221254112046E-4)
(9146,1.1046221254112046E-4)
(5737,1.1046221254112046E-4)
(9946,1.1046221254112046E-4)
(4501,1.0936852726843613E-6)
(8046,1.1046221254112046E-4)
(4006,6.401811541120451E-6)
(8802,2.1765419783124415E-6)
(3827,1.1046221254112046E-4)
(5443,1.1046221254112046E-4)
(9117,1.1046221254112046E-4)
(1391,1.1046221254112046E-4)
(3610,1.0462212541120453E-5)
(6954,1.1046221254112046E-4)
(2026,1.1046221254112046E-4)
(6507,7.432112541120452E-6)
(3313,1.1046221254112046E-4)
(4130,1.1046221254112046E-4)
(4820,1.1046221254112046E-4)
(4453,1.1046221254112046E-4)
(1968,1.1046221254112046E-4)
(8336,1.1046221254112046E-4)
(570,1.1046221254112046E-4)
(9605,5.3612075311204505E-6)
(8413,1.1046221254112046E-4)
(6253,1.1046221254112046E-4)
(446,1.1046221254112046E-4)
(905,5.3612075311204505E-6)
(7276,1.1046221254112046E-4)
(7973,1.1046221254112046E-4)
(7588,1.1046221254112046E-4)
(9807,7.432112541120452E-6)
(7584,1.1046221254112046E-4)
(4310,1.0462212541120453E-5)
(7287,1.1046221254112046E-4)
(2048,1.1046221254112046E-4)
(3225,1.1046221254112046E-4)
(3470,1.1046221254112046E-4)
(358,1.1046221254112046E-4)
(7210,1.0462212541120453E-5)
(7580,1.1046221254112046E-4)
(754,1.1046221254112046E-4)
(5571,1.1046221254112046E-4)
(787,1.1046221254112046E-4)
(5920,1.1046221254112046E-4)
(376,1.1046221254112046E-4)
(3629,1.1046221254112046E-4)
(3302,2.1765419783124415E-6)
(3584,1.1046221254112046E-4)
(3908,8.452212541120452E-6)
(6730,1.1046221254112046E-4)
(4570,1.1046221254112046E-4)
(2701,1.0936852726843613E-6)
(170,1.1046221254112046E-4)
(5391,1.1046221254112046E-4)
(8703,3.248677330419451E-6)
(1461,1.1046221254112046E-4)
(7922,1.1046221254112046E-4)
(185,1.1046221254112046E-4)
(266,1.1046221254112046E-4)
(4523,1.1046221254112046E-4)
(7515,1.1046221254112046E-4)
(1399,1.1046221254112046E-4)
(4013,1.1046221254112046E-4)
(9924,1.1046221254112046E-4)
(9571,1.1046221254112046E-4)
(8314,1.1046221254112046E-4)
(4222,1.1046221254112046E-4)
(6378,1.1046221254112046E-4)
(6987,1.1046221254112046E-4)
(4868,1.1046221254112046E-4)
(8453,1.1046221254112046E-4)
(9054,1.1046221254112046E-4)
(8523,1.1046221254112046E-4)
(4611,1.1046221254112046E-4)
(460,1.1046221254112046E-4)
(7030,1.1046221254112046E-4)
(5652,1.1046221254112046E-4)
(6709,9.462212541120453E-6)
(64,1.1046221254112046E-4)
(215,1.1046221254112046E-4)
(1825,1.1046221254112046E-4)
(8398,1.1046221254112046E-4)
(343,1.1046221254112046E-4)
(9373,1.1046221254112046E-4)
(857,1.1046221254112046E-4)
(7034,1.1046221254112046E-4)
(7533,1.1046221254112046E-4)
(6011,1.1046221254112046E-4)
(8527,1.1046221254112046E-4)
(3801,1.0936852726843613E-6)
(4468,1.1046221254112046E-4)
(2088,1.1046221254112046E-4)
(2279,1.1046221254112046E-4)
(2161,1.1046221254112046E-4)
(3023,1.1046221254112046E-4)
(9733,1.1046221254112046E-4)
(4651,1.1046221254112046E-4)
(4192,1.1046221254112046E-4)
(5582,1.1046221254112046E-4)
(3250,1.1046221254112046E-4)
(5212,1.1046221254112046E-4)
(68,1.1046221254112046E-4)
(8688,1.1046221254112046E-4)
(1278,1.1046221254112046E-4)
(5245,1.1046221254112046E-4)
(9010,1.0462212541120453E-5)
(2550,1.1046221254112046E-4)
(4622,1.1046221254112046E-4)
(9601,1.0936852726843613E-6)
(6154,1.1046221254112046E-4)
(2484,1.1046221254112046E-4)
(3236,1.1046221254112046E-4)
(9667,1.1046221254112046E-4)
(4479,1.1046221254112046E-4)
(6561,1.1046221254112046E-4)
(8747,1.1046221254112046E-4)
(6716,1.1046221254112046E-4)
(6275,1.1046221254112046E-4)
(6091,1.1046221254112046E-4)
(8329,1.1046221254112046E-4)
(703,3.248677330419451E-6)
(1311,1.1046221254112046E-4)
(1175,1.1046221254112046E-4)
(6514,1.1046221254112046E-4)
(8574,1.1046221254112046E-4)
(1377,1.1046221254112046E-4)
(1780,1.1046221254112046E-4)
(6235,1.1046221254112046E-4)
(9755,1.1046221254112046E-4)
(4071,1.1046221254112046E-4)
(9076,1.1046221254112046E-4)
(4365,1.1046221254112046E-4)
(5072,1.1046221254112046E-4)
(3786,1.1046221254112046E-4)
(1487,1.1046221254112046E-4)
(6367,1.1046221254112046E-4)
(6851,1.1046221254112046E-4)
(3878,1.1046221254112046E-4)
(3386,1.1046221254112046E-4)
(6907,7.432112541120452E-6)
(3980,1.1046221254112046E-4)
(5182,1.1046221254112046E-4)
(8846,1.1046221254112046E-4)
(2958,1.1046221254112046E-4)
(4967,1.1046221254112046E-4)
(1007,7.432112541120452E-6)
(7742,1.1046221254112046E-4)
(9997,1.1046221254112046E-4)
(8178,1.1046221254112046E-4)
(813,1.1046221254112046E-4)
(8761,1.1046221254112046E-4)
(8288,1.1046221254112046E-4)
(5634,1.1046221254112046E-4)
(6400,1.1046221254112046E-4)
(3335,1.1046221254112046E-4)
(8831,1.1046221254112046E-4)
(2176,1.1046221254112046E-4)
(2712,1.1046221254112046E-4)
(1018,1.1046221254112046E-4)
(3746,1.1046221254112046E-4)
(9616,1.1046221254112046E-4)
(2257,1.1046221254112046E-4)
(2286,1.1046221254112046E-4)
(7346,1.1046221254112046E-4)
(9777,1.1046221254112046E-4)
(4806,6.401811541120451E-6)
(3258,1.1046221254112046E-4)
(7045,1.1046221254112046E-4)
(4754,1.1046221254112046E-4)
(9469,1.1046221254112046E-4)
(7500,1.1046221254112046E-4)
(9975,1.1046221254112046E-4)
(4637,1.1046221254112046E-4)
(6701,1.0936852726843613E-6)
(5407,7.432112541120452E-6)
(9007,7.432112541120452E-6)
(9113,1.1046221254112046E-4)
(3063,1.1046221254112046E-4)
(4280,1.1046221254112046E-4)
(9542,1.1046221254112046E-4)
(5498,1.1046221254112046E-4)
(4509,9.462212541120453E-6)
(9308,8.452212541120452E-6)
(7427,1.1046221254112046E-4)
(824,1.1046221254112046E-4)
(2473,1.1046221254112046E-4)
(1469,1.1046221254112046E-4)
(4662,1.1046221254112046E-4)
(1113,1.1046221254112046E-4)
(552,1.1046221254112046E-4)
(8211,1.1046221254112046E-4)
(9740,1.1046221254112046E-4)
(7306,6.401811541120451E-6)
(6129,1.1046221254112046E-4)
(3599,1.1046221254112046E-4)
(9410,1.0462212541120453E-5)
(7511,1.1046221254112046E-4)
(2077,1.1046221254112046E-4)
(204,4.310197481020451E-6)
(2880,1.1046221254112046E-4)
(1582,1.1046221254112046E-4)
(439,1.1046221254112046E-4)
(7504,4.310197481020451E-6)
(4699,1.1046221254112046E-4)
(4442,1.1046221254112046E-4)
(5050,1.1046221254112046E-4)
(6767,1.1046221254112046E-4)
(3559,1.1046221254112046E-4)
(7852,1.1046221254112046E-4)
(1319,1.1046221254112046E-4)
(1542,1.1046221254112046E-4)
(2602,2.1765419783124415E-6)
(2785,1.1046221254112046E-4)
(7988,1.1046221254112046E-4)
(200,1.1046221254112046E-4)
(5113,1.1046221254112046E-4)
(8255,1.1046221254112046E-4)
(9652,1.1046221254112046E-4)
(3937,1.1046221254112046E-4)
(3272,1.1046221254112046E-4)
(4534,1.1046221254112046E-4)
(4394,1.1046221254112046E-4)
(5160,1.1046221254112046E-4)
(464,1.1046221254112046E-4)
(6169,1.1046221254112046E-4)
(6884,1.1046221254112046E-4)
(8075,1.1046221254112046E-4)
(4211,1.1046221254112046E-4)
(9681,1.1046221254112046E-4)
(6499,1.1046221254112046E-4)
(5083,1.1046221254112046E-4)
(2576,1.1046221254112046E-4)
(6246,1.1046221254112046E-4)
(468,1.1046221254112046E-4)
(7779,1.1046221254112046E-4)
(765,1.1046221254112046E-4)
(4064,1.1046221254112046E-4)
(8149,1.1046221254112046E-4)
(8916,1.1046221254112046E-4)
(923,1.1046221254112046E-4)
(8307,7.432112541120452E-6)
(8871,1.1046221254112046E-4)
(8725,1.1046221254112046E-4)
(659,1.1046221254112046E-4)
(482,1.1046221254112046E-4)
(4886,1.1046221254112046E-4)
(8280,1.1046221254112046E-4)
(347,1.1046221254112046E-4)
(5315,1.1046221254112046E-4)
(2507,7.432112541120452E-6)
(5377,1.1046221254112046E-4)
(9931,1.1046221254112046E-4)
(2826,1.1046221254112046E-4)
(6958,1.1046221254112046E-4)
(9252,1.1046221254112046E-4)
(417,1.1046221254112046E-4)
(574,1.1046221254112046E-4)
(4237,1.1046221254112046E-4)
(5711,1.1046221254112046E-4)
(2194,1.1046221254112046E-4)
(7470,1.1046221254112046E-4)
(7948,1.1046221254112046E-4)
(3735,1.1046221254112046E-4)
(4082,1.1046221254112046E-4)
(505,5.3612075311204505E-6)
(5483,1.1046221254112046E-4)
(7771,1.1046221254112046E-4)
(2716,1.1046221254112046E-4)
(1890,1.1046221254112046E-4)
(2433,1.1046221254112046E-4)
(93,1.1046221254112046E-4)
(6859,1.1046221254112046E-4)
(6095,1.1046221254112046E-4)
(604,4.310197481020451E-6)
(1153,1.1046221254112046E-4)
(6712,1.1046221254112046E-4)
(8600,1.1046221254112046E-4)
(9799,1.1046221254112046E-4)
(8174,1.1046221254112046E-4)
(9348,1.1046221254112046E-4)
(5542,1.1046221254112046E-4)
(244,1.1046221254112046E-4)
(1355,1.1046221254112046E-4)
(1337,1.1046221254112046E-4)
(2914,1.1046221254112046E-4)
(208,8.452212541120452E-6)
(4219,1.1046221254112046E-4)
(8468,1.1046221254112046E-4)
(8204,4.310197481020451E-6)
(9351,1.1046221254112046E-4)
(3614,1.1046221254112046E-4)
(9843,1.1046221254112046E-4)
(3591,1.1046221254112046E-4)
(4725,1.1046221254112046E-4)
(3618,1.1046221254112046E-4)
(6811,1.1046221254112046E-4)
(893,1.1046221254112046E-4)
(8981,1.1046221254112046E-4)
(5252,1.1046221254112046E-4)
(8512,1.1046221254112046E-4)
(3474,1.1046221254112046E-4)
(60,1.1046221254112046E-4)
(4794,1.1046221254112046E-4)
(4941,1.1046221254112046E-4)
(6419,1.1046221254112046E-4)
(7148,1.1046221254112046E-4)
(3650,1.1046221254112046E-4)
(3793,1.1046221254112046E-4)
(769,1.1046221254112046E-4)
(7467,1.1046221254112046E-4)
(8097,1.1046221254112046E-4)
(8956,1.1046221254112046E-4)
(8277,1.1046221254112046E-4)
(3078,1.1046221254112046E-4)
(3166,1.1046221254112046E-4)
(9131,1.1046221254112046E-4)
(6503,3.248677330419451E-6)
(9854,1.1046221254112046E-4)
(1010,1.0462212541120453E-5)
(1102,2.1765419783124415E-6)
(2767,1.1046221254112046E-4)
(4138,1.1046221254112046E-4)
(196,1.1046221254112046E-4)
(3430,1.1046221254112046E-4)
(6004,4.310197481020451E-6)
(2187,1.1046221254112046E-4)
(6620,1.1046221254112046E-4)
(9285,1.1046221254112046E-4)
(2150,1.1046221254112046E-4)
(4680,1.1046221254112046E-4)
(2822,1.1046221254112046E-4)
(152,1.1046221254112046E-4)
(7401,1.0936852726843613E-6)
(3184,1.1046221254112046E-4)
(5296,1.1046221254112046E-4)
(9847,1.1046221254112046E-4)
(3625,1.1046221254112046E-4)
(3290,1.1046221254112046E-4)
(596,1.1046221254112046E-4)
(1733,1.1046221254112046E-4)
(2477,1.1046221254112046E-4)
(6848,1.1046221254112046E-4)
(9036,1.1046221254112046E-4)
(6660,1.1046221254112046E-4)
(2525,1.1046221254112046E-4)
(1238,1.1046221254112046E-4)
(7690,1.1046221254112046E-4)
(6484,1.1046221254112046E-4)
(1289,1.1046221254112046E-4)
(5535,1.1046221254112046E-4)
(4787,1.1046221254112046E-4)
(4361,1.1046221254112046E-4)
(5201,1.0936852726843613E-6)
(6543,1.1046221254112046E-4)
(7481,1.1046221254112046E-4)
(145,1.1046221254112046E-4)
(2426,1.1046221254112046E-4)
(7551,1.1046221254112046E-4)
(6462,1.1046221254112046E-4)
(7966,1.1046221254112046E-4)
(839,1.1046221254112046E-4)
(9920,1.1046221254112046E-4)
(6565,1.1046221254112046E-4)
(149,1.1046221254112046E-4)
(3984,1.1046221254112046E-4)
(6231,1.1046221254112046E-4)
(4185,1.1046221254112046E-4)
(806,6.401811541120451E-6)
(2855,1.1046221254112046E-4)
(4318,1.1046221254112046E-4)
(7782,1.1046221254112046E-4)
(1186,1.1046221254112046E-4)
(9520,1.1046221254112046E-4)
(2004,4.310197481020451E-6)
(7041,1.1046221254112046E-4)
(1876,1.1046221254112046E-4)
(9524,1.1046221254112046E-4)
(1128,1.1046221254112046E-4)
(1678,1.1046221254112046E-4)
(4284,1.1046221254112046E-4)
(3298,1.1046221254112046E-4)
(6594,1.1046221254112046E-4)
(9869,1.1046221254112046E-4)
(4640,1.1046221254112046E-4)
(3049,1.1046221254112046E-4)
(615,1.1046221254112046E-4)
(934,1.1046221254112046E-4)
(4691,1.1046221254112046E-4)
(8538,1.1046221254112046E-4)
(8615,1.1046221254112046E-4)
(6000,1.1046221254112046E-4)
(2565,1.1046221254112046E-4)
(4497,1.1046221254112046E-4)
(475,1.1046221254112046E-4)
(3393,1.1046221254112046E-4)
(1843,1.1046221254112046E-4)
(2594,1.1046221254112046E-4)
(4116,1.1046221254112046E-4)
(5326,1.1046221254112046E-4)
(5322,1.1046221254112046E-4)
(1292,1.1046221254112046E-4)
(5894,1.1046221254112046E-4)
(7632,1.1046221254112046E-4)
(578,1.1046221254112046E-4)
(6518,1.1046221254112046E-4)
(7137,1.1046221254112046E-4)
(6826,1.1046221254112046E-4)
(619,1.1046221254112046E-4)
(7382,1.1046221254112046E-4)
(750,1.1046221254112046E-4)
(9380,1.1046221254112046E-4)
(5887,1.1046221254112046E-4)
(1711,1.1046221254112046E-4)
(5539,1.1046221254112046E-4)
(5018,1.1046221254112046E-4)
(3522,1.1046221254112046E-4)
(4893,1.1046221254112046E-4)
(5528,1.1046221254112046E-4)
(5890,1.1046221254112046E-4)
(6693,1.1046221254112046E-4)
(8028,1.1046221254112046E-4)
(1193,1.1046221254112046E-4)
(3562,1.1046221254112046E-4)
(1744,1.1046221254112046E-4)
(5025,1.1046221254112046E-4)
(192,1.1046221254112046E-4)
(9021,1.1046221254112046E-4)
(8170,1.1046221254112046E-4)
(9814,1.1046221254112046E-4)
(181,1.1046221254112046E-4)
(8806,6.401811541120451E-6)
(6147,1.1046221254112046E-4)
(3739,1.1046221254112046E-4)
(9069,1.1046221254112046E-4)
(8651,1.1046221254112046E-4)
(9968,1.1046221254112046E-4)
(509,9.462212541120453E-6)
(1179,1.1046221254112046E-4)
(4600,1.1046221254112046E-4)
(5421,1.1046221254112046E-4)
(6668,1.1046221254112046E-4)
(9333,1.1046221254112046E-4)
(1616,1.1046221254112046E-4)
(5953,1.1046221254112046E-4)
(1395,1.1046221254112046E-4)
(7955,1.1046221254112046E-4)
(2396,1.1046221254112046E-4)
(82,1.1046221254112046E-4)
(3108,8.452212541120452E-6)
(7081,1.1046221254112046E-4)
(6408,8.452212541120452E-6)
(8145,1.1046221254112046E-4)
(7324,1.1046221254112046E-4)
(4750,1.1046221254112046E-4)
(4295,1.1046221254112046E-4)
(9160,1.1046221254112046E-4)
(875,1.1046221254112046E-4)
(2837,1.1046221254112046E-4)
(1124,1.1046221254112046E-4)
(4123,1.1046221254112046E-4)
(9120,1.1046221254112046E-4)
(5146,1.1046221254112046E-4)
(5241,1.1046221254112046E-4)
(7911,1.1046221254112046E-4)
(2334,1.1046221254112046E-4)
(6062,1.1046221254112046E-4)
(5256,1.1046221254112046E-4)
(4226,1.1046221254112046E-4)
(3845,1.1046221254112046E-4)
(6440,1.1046221254112046E-4)
(956,1.1046221254112046E-4)
(2844,1.1046221254112046E-4)
(691,1.1046221254112046E-4)
(1975,1.1046221254112046E-4)
(2015,1.1046221254112046E-4)
(9517,1.1046221254112046E-4)
(6349,1.1046221254112046E-4)
(4181,1.1046221254112046E-4)
(5094,1.1046221254112046E-4)
(428,1.1046221254112046E-4)
(4406,6.401811541120451E-6)
(3401,1.0936852726843613E-6)
(6866,1.1046221254112046E-4)
(7049,1.1046221254112046E-4)
(4174,1.1046221254112046E-4)
(8945,1.1046221254112046E-4)
(7621,1.1046221254112046E-4)
(1726,1.1046221254112046E-4)
(3580,1.1046221254112046E-4)
(5579,1.1046221254112046E-4)
(1528,1.1046221254112046E-4)
(7625,1.1046221254112046E-4)
(71,1.1046221254112046E-4)
(4017,1.1046221254112046E-4)
(8138,1.1046221254112046E-4)
(9245,1.1046221254112046E-4)
(2749,1.1046221254112046E-4)
(8127,1.1046221254112046E-4)
(6132,1.1046221254112046E-4)
(8035,1.1046221254112046E-4)
(5902,2.1765419783124415E-6)
(299,1.1046221254112046E-4)
(644,1.1046221254112046E-4)
(7173,1.1046221254112046E-4)
(7713,1.1046221254112046E-4)
(7614,1.1046221254112046E-4)
(350,1.1046221254112046E-4)
(2084,1.1046221254112046E-4)
(3500,1.1046221254112046E-4)
(4604,4.310197481020451E-6)
(8949,1.1046221254112046E-4)
(3261,1.1046221254112046E-4)
(5931,1.1046221254112046E-4)
(9425,1.1046221254112046E-4)
(8912,1.1046221254112046E-4)
(8350,1.1046221254112046E-4)
(4215,1.1046221254112046E-4)
(8765,1.1046221254112046E-4)
(5340,1.1046221254112046E-4)
(6855,1.1046221254112046E-4)
(8156,1.1046221254112046E-4)
(8578,1.1046221254112046E-4)
(1414,1.1046221254112046E-4)
(1641,1.1046221254112046E-4)
(5917,1.1046221254112046E-4)
(6675,1.1046221254112046E-4)
(5355,1.1046221254112046E-4)
(9355,1.1046221254112046E-4)
(2408,8.452212541120452E-6)
(3317,1.1046221254112046E-4)
(4383,1.1046221254112046E-4)
(4105,5.3612075311204505E-6)
(8295,1.1046221254112046E-4)
(2121,1.1046221254112046E-4)
(5557,1.1046221254112046E-4)
(7229,1.1046221254112046E-4)
(8116,1.1046221254112046E-4)
(1410,1.0462212541120453E-5)
(963,1.1046221254112046E-4)
(233,1.1046221254112046E-4)
(1216,1.1046221254112046E-4)
(2811,1.1046221254112046E-4)
(5106,6.401811541120451E-6)
(1483,1.1046221254112046E-4)
(3915,1.1046221254112046E-4)
(6495,1.1046221254112046E-4)
(1795,1.1046221254112046E-4)
(2554,1.1046221254112046E-4)
(1913,1.1046221254112046E-4)
(3782,1.1046221254112046E-4)
(7519,1.1046221254112046E-4)
(8332,1.1046221254112046E-4)
(802,2.1765419783124415E-6)
(2697,1.1046221254112046E-4)
(8347,1.1046221254112046E-4)
(7111,1.1046221254112046E-4)
(2190,1.1046221254112046E-4)
(3621,1.1046221254112046E-4)
(6345,1.1046221254112046E-4)
(398,1.1046221254112046E-4)
(6044,1.1046221254112046E-4)
(453,1.1046221254112046E-4)
(1579,1.1046221254112046E-4)
(5234,1.1046221254112046E-4)
(2657,1.1046221254112046E-4)
(5304,4.310197481020451E-6)
(4589,1.1046221254112046E-4)
(2389,1.1046221254112046E-4)
(2415,1.1046221254112046E-4)
(7618,1.1046221254112046E-4)
(3922,1.1046221254112046E-4)
(6833,1.1046221254112046E-4)
(8974,1.1046221254112046E-4)
(329,1.1046221254112046E-4)
(8266,1.1046221254112046E-4)
(8060,1.1046221254112046E-4)
(5957,1.1046221254112046E-4)
(5850,1.1046221254112046E-4)
(9018,1.1046221254112046E-4)
(9993,1.1046221254112046E-4)
(6286,1.1046221254112046E-4)
(3254,1.1046221254112046E-4)
(1223,1.1046221254112046E-4)
(7405,5.3612075311204505E-6)
(9443,1.1046221254112046E-4)
(5281,1.1046221254112046E-4)
(1807,7.432112541120452E-6)
(321,1.1046221254112046E-4)
(5205,5.3612075311204505E-6)
(4732,1.1046221254112046E-4)
(5502,2.1765419783124415E-6)
(9065,1.1046221254112046E-4)
(9289,1.1046221254112046E-4)
(3496,1.1046221254112046E-4)
(3405,5.3612075311204505E-6)
(9722,1.1046221254112046E-4)
(1234,1.1046221254112046E-4)
(9715,1.1046221254112046E-4)
(9641,1.1046221254112046E-4)
(9708,8.452212541120452E-6)
(9784,1.1046221254112046E-4)
(879,1.1046221254112046E-4)
(9465,1.1046221254112046E-4)
(1630,1.1046221254112046E-4)
(387,1.1046221254112046E-4)
(585,1.1046221254112046E-4)
(7999,1.1046221254112046E-4)
(985,1.1046221254112046E-4)
(1670,1.1046221254112046E-4)
(7430,1.1046221254112046E-4)
(4424,1.1046221254112046E-4)
(9300,1.1046221254112046E-4)
(5795,1.1046221254112046E-4)
(7849,1.1046221254112046E-4)
(901,1.0936852726843613E-6)
(4329,1.1046221254112046E-4)
(8321,1.1046221254112046E-4)
(2448,1.1046221254112046E-4)
(1953,1.1046221254112046E-4)
(2789,1.1046221254112046E-4)
(7636,1.1046221254112046E-4)
(549,1.1046221254112046E-4)
(1539,1.1046221254112046E-4)
(527,1.1046221254112046E-4)
(1502,2.1765419783124415E-6)
(9906,6.401811541120451E-6)
(6910,1.0462212541120453E-5)
(4916,1.1046221254112046E-4)
(4420,1.1046221254112046E-4)
(7302,2.1765419783124415E-6)
(7258,1.1046221254112046E-4)
(640,1.1046221254112046E-4)
(7478,1.1046221254112046E-4)
(1993,1.1046221254112046E-4)
(303,3.248677330419451E-6)
(2154,1.1046221254112046E-4)
(7801,1.0936852726843613E-6)
(5946,1.1046221254112046E-4)
(4372,1.1046221254112046E-4)
(1814,1.1046221254112046E-4)
(5968,1.1046221254112046E-4)
(8002,2.1765419783124415E-6)
(6657,1.1046221254112046E-4)
(6224,1.1046221254112046E-4)
(4688,1.1046221254112046E-4)
(3232,1.1046221254112046E-4)
(9634,1.1046221254112046E-4)
(7243,1.1046221254112046E-4)
(9612,1.1046221254112046E-4)
(8185,1.1046221254112046E-4)
(2363,1.1046221254112046E-4)
(563,1.1046221254112046E-4)
(9759,1.1046221254112046E-4)
(3669,1.1046221254112046E-4)
(4813,1.1046221254112046E-4)
(8842,1.1046221254112046E-4)
(2877,1.1046221254112046E-4)
(3533,1.1046221254112046E-4)
(6040,1.1046221254112046E-4)
(7016,1.1046221254112046E-4)
(9803,3.248677330419451E-6)
(7368,1.1046221254112046E-4)
(7177,1.1046221254112046E-4)
(8105,5.3612075311204505E-6)
(9047,1.1046221254112046E-4)
(5124,1.1046221254112046E-4)
(6121,1.1046221254112046E-4)
(6895,1.1046221254112046E-4)
(7768,1.1046221254112046E-4)
(8372,1.1046221254112046E-4)
(5670,1.1046221254112046E-4)
(8640,1.1046221254112046E-4)
(7218,1.1046221254112046E-4)
(3511,1.1046221254112046E-4)
(9407,7.432112541120452E-6)
(3463,1.1046221254112046E-4)
(9315,1.1046221254112046E-4)
(8592,1.1046221254112046E-4)
(3636,1.1046221254112046E-4)
(7038,1.1046221254112046E-4)
(9212,1.1046221254112046E-4)
(5461,1.1046221254112046E-4)
(7764,1.1046221254112046E-4)
(4684,1.1046221254112046E-4)
(7610,1.0462212541120453E-5)
(5168,1.1046221254112046E-4)
(2459,1.1046221254112046E-4)
(7522,1.1046221254112046E-4)
(4718,1.1046221254112046E-4)
(291,1.1046221254112046E-4)
(9829,1.1046221254112046E-4)
(4963,1.1046221254112046E-4)
(2668,1.1046221254112046E-4)
(6165,1.1046221254112046E-4)
(949,1.1046221254112046E-4)
(868,1.1046221254112046E-4)
(3122,1.1046221254112046E-4)
(5810,1.0462212541120453E-5)
(1777,1.1046221254112046E-4)
(5979,1.1046221254112046E-4)
(2620,1.1046221254112046E-4)
(5476,1.1046221254112046E-4)
(3360,1.1046221254112046E-4)
(5175,1.1046221254112046E-4)
(189,1.1046221254112046E-4)
(6903,3.248677330419451E-6)
(8439,1.1046221254112046E-4)
(5641,1.1046221254112046E-4)
(9832,1.1046221254112046E-4)
(1700,1.1046221254112046E-4)
(5487,1.1046221254112046E-4)
(2866,1.1046221254112046E-4)
(6781,1.1046221254112046E-4)
(5270,1.1046221254112046E-4)
(442,1.1046221254112046E-4)
(4457,1.1046221254112046E-4)
(2499,1.1046221254112046E-4)
(2260,1.1046221254112046E-4)
(6642,1.1046221254112046E-4)
(5883,1.1046221254112046E-4)
(1171,1.1046221254112046E-4)
(325,1.1046221254112046E-4)
(5494,1.1046221254112046E-4)
(2370,1.1046221254112046E-4)
(5098,1.1046221254112046E-4)
(5799,1.1046221254112046E-4)
(7995,1.1046221254112046E-4)
(516,1.1046221254112046E-4)
(8581,1.1046221254112046E-4)
(1571,1.1046221254112046E-4)
(1719,1.1046221254112046E-4)
(2220,1.1046221254112046E-4)
(7122,1.1046221254112046E-4)
(7445,1.1046221254112046E-4)
(2514,1.1046221254112046E-4)
(5209,9.462212541120453E-6)
(534,1.1046221254112046E-4)
(2297,1.1046221254112046E-4)
(3177,1.1046221254112046E-4)
(8505,5.3612075311204505E-6)
(5773,1.1046221254112046E-4)
(967,1.1046221254112046E-4)
(1645,1.1046221254112046E-4)
(7188,1.1046221254112046E-4)
(8325,1.1046221254112046E-4)
(4927,1.1046221254112046E-4)
(912,1.1046221254112046E-4)
(1227,1.1046221254112046E-4)
(6873,1.1046221254112046E-4)
(6590,1.1046221254112046E-4)
(8860,1.1046221254112046E-4)
(600,1.1046221254112046E-4)
(1054,1.1046221254112046E-4)
(1821,1.1046221254112046E-4)
(3647,1.1046221254112046E-4)
(2136,1.1046221254112046E-4)
(2598,1.1046221254112046E-4)
(9029,1.1046221254112046E-4)
(9711,1.1046221254112046E-4)
(6356,1.1046221254112046E-4)
(7757,1.1046221254112046E-4)
(2994,1.1046221254112046E-4)
(9359,1.1046221254112046E-4)
(46,1.1046221254112046E-4)
(9494,1.1046221254112046E-4)
(4846,1.1046221254112046E-4)
(4956,1.1046221254112046E-4)
(219,1.1046221254112046E-4)
(6598,1.1046221254112046E-4)
(8813,1.1046221254112046E-4)
(9762,1.1046221254112046E-4)
(2356,1.1046221254112046E-4)
(3005,5.3612075311204505E-6)
(8219,1.1046221254112046E-4)
(318,1.1046221254112046E-4)
(732,1.1046221254112046E-4)
(7735,1.1046221254112046E-4)
(3973,1.1046221254112046E-4)
(5311,1.1046221254112046E-4)
(9780,1.1046221254112046E-4)
(2327,1.1046221254112046E-4)
(9366,1.1046221254112046E-4)
(9986,1.1046221254112046E-4)
(3074,1.1046221254112046E-4)
(9025,1.1046221254112046E-4)
(8611,1.1046221254112046E-4)
(8824,1.1046221254112046E-4)
(3320,1.1046221254112046E-4)
(567,1.1046221254112046E-4)
(8794,1.1046221254112046E-4)
(9818,1.1046221254112046E-4)
(2745,1.1046221254112046E-4)
(3904,4.310197481020451E-6)
(7937,1.1046221254112046E-4)
(3508,8.452212541120452E-6)
(97,1.1046221254112046E-4)
(3016,1.1046221254112046E-4)
(758,1.1046221254112046E-4)
(3881,1.1046221254112046E-4)
(1692,1.1046221254112046E-4)
(280,1.1046221254112046E-4)
(611,1.1046221254112046E-4)
(3247,1.1046221254112046E-4)
(255,1.1046221254112046E-4)
(2617,1.1046221254112046E-4)
(6491,1.1046221254112046E-4)
(7089,1.1046221254112046E-4)
(5348,1.1046221254112046E-4)
(9656,1.1046221254112046E-4)
(4255,1.1046221254112046E-4)
(9274,1.1046221254112046E-4)
(1252,1.1046221254112046E-4)
(5780,1.1046221254112046E-4)
(4592,1.1046221254112046E-4)
(7786,1.1046221254112046E-4)
(6118,1.1046221254112046E-4)
(9234,1.1046221254112046E-4)
(3162,1.1046221254112046E-4)
(2169,1.1046221254112046E-4)
(1832,1.1046221254112046E-4)
(5960,1.1046221254112046E-4)
(9362,1.1046221254112046E-4)
(9238,1.1046221254112046E-4)
(5065,1.1046221254112046E-4)
(7449,1.1046221254112046E-4)
(4677,1.1046221254112046E-4)
(8501,1.0936852726843613E-6)
(7658,1.1046221254112046E-4)
(6051,1.1046221254112046E-4)
(4376,1.1046221254112046E-4)
(1872,1.1046221254112046E-4)
(7283,1.1046221254112046E-4)
(4530,1.1046221254112046E-4)
(7885,1.1046221254112046E-4)
(1773,1.1046221254112046E-4)
(1425,1.1046221254112046E-4)
(6972,1.1046221254112046E-4)
(7328,1.1046221254112046E-4)
(7724,1.1046221254112046E-4)
(9498,1.1046221254112046E-4)
(2932,1.1046221254112046E-4)
(3096,1.1046221254112046E-4)
(3926,1.1046221254112046E-4)
(2639,1.1046221254112046E-4)
(8053,1.1046221254112046E-4)
(8233,1.1046221254112046E-4)
(721,1.1046221254112046E-4)
(6969,1.1046221254112046E-4)
(130,1.1046221254112046E-4)
(8868,1.1046221254112046E-4)
(3768,1.1046221254112046E-4)
(8057,1.1046221254112046E-4)
(1366,1.1046221254112046E-4)
(4031,1.1046221254112046E-4)
(4035,1.1046221254112046E-4)
(4208,8.452212541120452E-6)
(6206,6.401811541120451E-6)
(6819,1.1046221254112046E-4)
(9689,1.1046221254112046E-4)
(8020,1.1046221254112046E-4)
(5490,1.1046221254112046E-4)
(1564,1.1046221254112046E-4)
(7797,1.1046221254112046E-4)
(7874,1.1046221254112046E-4)
(8783,1.1046221254112046E-4)
(4248,1.1046221254112046E-4)
(4167,1.1046221254112046E-4)
(1072,1.1046221254112046E-4)
(3991,1.1046221254112046E-4)
(6107,7.432112541120452E-6)
(9241,1.1046221254112046E-4)
(4527,1.1046221254112046E-4)
(9836,1.1046221254112046E-4)
(6815,1.1046221254112046E-4)
(3809,9.462212541120453E-6)
(7214,1.1046221254112046E-4)
(9649,1.1046221254112046E-4)
(6899,1.1046221254112046E-4)
(1737,1.1046221254112046E-4)
(743,1.1046221254112046E-4)
(394,1.1046221254112046E-4)
(251,1.1046221254112046E-4)
(9337,1.1046221254112046E-4)
(7870,1.1046221254112046E-4)
(2246,1.1046221254112046E-4)
(8402,2.1765419783124415E-6)
(3889,1.1046221254112046E-4)
(3885,1.1046221254112046E-4)
(4417,1.1046221254112046E-4)
(9766,1.1046221254112046E-4)
(6114,1.1046221254112046E-4)
(390,1.1046221254112046E-4)
(7360,1.1046221254112046E-4)
(5197,1.1046221254112046E-4)
(8666,1.1046221254112046E-4)
(4145,1.1046221254112046E-4)
(4266,1.1046221254112046E-4)
(4163,1.1046221254112046E-4)
(7889,1.1046221254112046E-4)
(1652,1.1046221254112046E-4)
(8226,1.1046221254112046E-4)
(141,1.1046221254112046E-4)
(2756,1.1046221254112046E-4)
(8637,1.1046221254112046E-4)
(3849,1.1046221254112046E-4)
(4882,1.1046221254112046E-4)
(156,1.1046221254112046E-4)
(1429,1.1046221254112046E-4)
(6073,1.1046221254112046E-4)
(6385,1.1046221254112046E-4)
(7247,1.1046221254112046E-4)
(4471,1.1046221254112046E-4)
(8963,1.1046221254112046E-4)
(4897,1.1046221254112046E-4)
(1894,1.1046221254112046E-4)
(864,1.1046221254112046E-4)
(7944,1.1046221254112046E-4)
(6639,1.1046221254112046E-4)
(6172,1.1046221254112046E-4)
(622,1.1046221254112046E-4)
(1946,1.1046221254112046E-4)
(6536,1.1046221254112046E-4)
(7548,1.1046221254112046E-4)
(2202,2.1765419783124415E-6)
(6022,1.1046221254112046E-4)
(8475,1.1046221254112046E-4)
(4871,1.1046221254112046E-4)
(1182,1.1046221254112046E-4)
(8493,1.1046221254112046E-4)
(3100,1.1046221254112046E-4)
(2198,1.1046221254112046E-4)
(9388,1.1046221254112046E-4)
(5414,1.1046221254112046E-4)
(7166,1.1046221254112046E-4)
(6088,1.1046221254112046E-4)
(772,1.1046221254112046E-4)
(835,1.1046221254112046E-4)
(4710,1.0462212541120453E-5)
(7119,1.1046221254112046E-4)
(127,1.1046221254112046E-4)
(1997,1.1046221254112046E-4)
(4233,1.1046221254112046E-4)
(9153,1.1046221254112046E-4)
(3331,1.1046221254112046E-4)
(9447,1.1046221254112046E-4)
(9627,1.1046221254112046E-4)
(4493,1.1046221254112046E-4)
(4743,1.1046221254112046E-4)
(3353,1.1046221254112046E-4)
(6961,1.1046221254112046E-4)
(7591,1.1046221254112046E-4)
(9043,1.1046221254112046E-4)
(7834,1.1046221254112046E-4)
(7225,1.1046221254112046E-4)
(8864,1.1046221254112046E-4)
(5010,1.0462212541120453E-5)
(4321,1.1046221254112046E-4)
(7203,3.248677330419451E-6)
(2653,1.1046221254112046E-4)
(3812,1.1046221254112046E-4)
(9748,1.1046221254112046E-4)
(6338,1.1046221254112046E-4)
(402,2.1765419783124415E-6)
(9087,1.1046221254112046E-4)
(9609,9.462212541120453E-6)
(6059,1.1046221254112046E-4)
(3577,1.1046221254112046E-4)
(1865,1.1046221254112046E-4)
(1638,1.1046221254112046E-4)
(9164,1.1046221254112046E-4)
(2961,1.1046221254112046E-4)
(2840,1.1046221254112046E-4)
(5755,1.1046221254112046E-4)
(7100,1.1046221254112046E-4)
(5308,8.452212541120452E-6)
(4659,1.1046221254112046E-4)
(6749,1.1046221254112046E-4)
(7074,1.1046221254112046E-4)
(9227,1.1046221254112046E-4)
(2349,1.1046221254112046E-4)
(6778,1.1046221254112046E-4)
(2947,1.1046221254112046E-4)
(365,1.1046221254112046E-4)
(5751,1.1046221254112046E-4)
(2165,1.1046221254112046E-4)
(9913,1.1046221254112046E-4)
(996,1.1046221254112046E-4)
(3896,1.1046221254112046E-4)
(1531,1.1046221254112046E-4)
(1751,1.1046221254112046E-4)
(4864,1.1046221254112046E-4)
(9979,1.1046221254112046E-4)
(9506,6.401811541120451E-6)
(7375,1.1046221254112046E-4)
(8659,1.1046221254112046E-4)
(7823,1.1046221254112046E-4)
(1315,1.1046221254112046E-4)
(4875,1.1046221254112046E-4)
(3085,1.1046221254112046E-4)
(1164,1.1046221254112046E-4)
(2062,1.1046221254112046E-4)
(9861,1.1046221254112046E-4)
(5762,1.1046221254112046E-4)
(9278,1.1046221254112046E-4)
(1979,1.1046221254112046E-4)
(5223,1.1046221254112046E-4)
(6213,1.1046221254112046E-4)
(6521,1.1046221254112046E-4)
(1263,1.1046221254112046E-4)
(5131,1.1046221254112046E-4)
(1696,1.1046221254112046E-4)
(2143,1.1046221254112046E-4)
(3173,1.1046221254112046E-4)
(2,2.1765419783124415E-6)
(9751,1.1046221254112046E-4)
(7838,1.1046221254112046E-4)
(5036,1.1046221254112046E-4)
(978,1.1046221254112046E-4)
(7687,1.1046221254112046E-4)
(8086,1.1046221254112046E-4)
(2921,1.1046221254112046E-4)
(9344,1.1046221254112046E-4)
(3001,1.0936852726843613E-6)
(7379,1.1046221254112046E-4)
(680,1.1046221254112046E-4)
(8479,1.1046221254112046E-4)
(3416,1.1046221254112046E-4)
(5076,1.1046221254112046E-4)
(9825,1.1046221254112046E-4)
(109,9.462212541120453E-6)
(7904,4.310197481020451E-6)
(9957,1.1046221254112046E-4)
(4578,1.1046221254112046E-4)
(6569,1.1046221254112046E-4)
(8303,3.248677330419451E-6)
(8424,1.1046221254112046E-4)
(5740,1.1046221254112046E-4)
(1069,1.1046221254112046E-4)
(8192,1.1046221254112046E-4)
(4857,1.1046221254112046E-4)
(9678,1.1046221254112046E-4)
(2686,1.1046221254112046E-4)
(3955,1.1046221254112046E-4)
(4149,1.1046221254112046E-4)
(5649,1.1046221254112046E-4)
(6187,1.1046221254112046E-4)
(7012,1.1046221254112046E-4)
(248,1.1046221254112046E-4)
(2693,1.1046221254112046E-4)
(1050,1.1046221254112046E-4)
(5458,1.1046221254112046E-4)
(6510,1.0462212541120453E-5)
(6990,1.1046221254112046E-4)
(3823,1.1046221254112046E-4)
(695,1.1046221254112046E-4)
(6583,1.1046221254112046E-4)
(684,1.1046221254112046E-4)
(6808,8.452212541120452E-6)
(8897,1.1046221254112046E-4)
(7386,1.1046221254112046E-4)
(4413,1.1046221254112046E-4)
(8648,1.1046221254112046E-4)
(8361,1.1046221254112046E-4)
(1076,1.1046221254112046E-4)
(273,1.1046221254112046E-4)
(2679,1.1046221254112046E-4)
(3368,1.1046221254112046E-4)
(7067,1.1046221254112046E-4)
(9850,1.1046221254112046E-4)
(6444,1.1046221254112046E-4)
(3119,1.1046221254112046E-4)
(4824,1.1046221254112046E-4)
(5836,1.1046221254112046E-4)
(8365,1.1046221254112046E-4)
(5425,1.1046221254112046E-4)
(5609,9.462212541120453E-6)
(9890,1.1046221254112046E-4)
(7746,1.1046221254112046E-4)
(2796,1.1046221254112046E-4)
(3665,1.1046221254112046E-4)
(6918,1.1046221254112046E-4)
(7827,1.1046221254112046E-4)
(9942,1.1046221254112046E-4)
(6019,1.1046221254112046E-4)
(3757,1.1046221254112046E-4)
(1803,3.248677330419451E-6)
(5410,1.0462212541120453E-5)
(6738,1.1046221254112046E-4)
(4817,1.1046221254112046E-4)
(479,1.1046221254112046E-4)
(7085,1.1046221254112046E-4)
(3654,1.1046221254112046E-4)
(9083,1.1046221254112046E-4)
(2543,1.1046221254112046E-4)
(5432,1.1046221254112046E-4)
(7159,1.1046221254112046E-4)
(9663,1.1046221254112046E-4)
(3838,1.1046221254112046E-4)
(9391,1.1046221254112046E-4)
(7544,1.1046221254112046E-4)
(4020,1.1046221254112046E-4)
(4985,1.1046221254112046E-4)
(5784,1.1046221254112046E-4)
(2378,1.1046221254112046E-4)
(2103,3.248677330419451E-6)
(1061,1.1046221254112046E-4)
(8758,1.1046221254112046E-4)
(9964,1.1046221254112046E-4)
(5450,1.1046221254112046E-4)
(101,1.0936852726843613E-6)
(4068,1.1046221254112046E-4)
(5748,1.1046221254112046E-4)
(8130,1.1046221254112046E-4)
(4912,1.1046221254112046E-4)
(9395,1.1046221254112046E-4)
(112,1.1046221254112046E-4)
(6862,1.1046221254112046E-4)
(6606,6.401811541120451E-6)
(8893,1.1046221254112046E-4)
(7643,1.1046221254112046E-4)
(7063,1.1046221254112046E-4)
(4695,1.1046221254112046E-4)
(1285,1.1046221254112046E-4)
(7672,1.1046221254112046E-4)
(8039,1.1046221254112046E-4)
(2400,1.1046221254112046E-4)
(7474,1.1046221254112046E-4)
(8905,5.3612075311204505E-6)
(5645,1.1046221254112046E-4)
(3779,1.1046221254112046E-4)
(4390,1.1046221254112046E-4)
(1212,1.1046221254112046E-4)
(167,1.1046221254112046E-4)
(493,1.1046221254112046E-4)
(1898,1.1046221254112046E-4)
(3702,2.1765419783124415E-6)
(7896,1.1046221254112046E-4)
(9418,1.1046221254112046E-4)
(4259,1.1046221254112046E-4)
(6396,1.1046221254112046E-4)
(2730,1.1046221254112046E-4)
(3009,9.462212541120453E-6)
(8093,1.1046221254112046E-4)
(2309,9.462212541120453E-6)
(5238,1.1046221254112046E-4)
(4585,1.1046221254112046E-4)
(8798,1.1046221254112046E-4)
(6352,1.1046221254112046E-4)
(9454,1.1046221254112046E-4)
(7856,1.1046221254112046E-4)
(8152,1.1046221254112046E-4)
(7573,1.1046221254112046E-4)
(9674,1.1046221254112046E-4)
(747,1.1046221254112046E-4)
(7900,1.1046221254112046E-4)
(284,1.1046221254112046E-4)
(3694,1.1046221254112046E-4)
(5102,2.1765419783124415E-6)
(8695,1.1046221254112046E-4)
(2253,1.1046221254112046E-4)
(1568,1.1046221254112046E-4)
(974,1.1046221254112046E-4)
(1759,1.1046221254112046E-4)
(4178,1.1046221254112046E-4)
(2451,1.1046221254112046E-4)
(9935,1.1046221254112046E-4)
(7353,1.1046221254112046E-4)
(4343,1.1046221254112046E-4)
(1704,4.310197481020451E-6)
(3144,1.1046221254112046E-4)
(662,1.1046221254112046E-4)
(1964,1.1046221254112046E-4)
(9560,1.1046221254112046E-4)
(714,1.1046221254112046E-4)
(226,1.1046221254112046E-4)
(6525,1.1046221254112046E-4)
(3742,1.1046221254112046E-4)
(8718,1.1046221254112046E-4)
(2392,1.1046221254112046E-4)
(8996,1.1046221254112046E-4)
(8291,1.1046221254112046E-4)
(7805,5.3612075311204505E-6)
(2752,1.1046221254112046E-4)
(9953,1.1046221254112046E-4)
(3676,1.1046221254112046E-4)
(5861,1.1046221254112046E-4)
(3397,1.1046221254112046E-4)
(3467,1.1046221254112046E-4)
(6433,1.1046221254112046E-4)
(7133,1.1046221254112046E-4)
(7845,1.1046221254112046E-4)
(1256,1.1046221254112046E-4)
(5267,1.1046221254112046E-4)
(9638,1.1046221254112046E-4)
(2107,7.432112541120452E-6)
(5128,1.1046221254112046E-4)
(2723,1.1046221254112046E-4)
(9971,1.1046221254112046E-4)
(1362,1.1046221254112046E-4)
(1520,1.1046221254112046E-4)
(8471,1.1046221254112046E-4)
(7078,1.1046221254112046E-4)
(2675,1.1046221254112046E-4)
(8707,7.432112541120452E-6)
(2059,1.1046221254112046E-4)
(9090,1.1046221254112046E-4)
(1029,1.1046221254112046E-4)
(4545,1.1046221254112046E-4)
(5935,1.1046221254112046E-4)
(8552,1.1046221254112046E-4)
(2671,1.1046221254112046E-4)
(9502,2.1765419783124415E-6)
(4262,1.1046221254112046E-4)
(4277,1.1046221254112046E-4)
(5388,1.1046221254112046E-4)
(9546,1.1046221254112046E-4)
(1087,1.1046221254112046E-4)
(5380,1.1046221254112046E-4)
(4989,1.1046221254112046E-4)
(1586,1.1046221254112046E-4)
(4439,1.1046221254112046E-4)
(6305,5.3612075311204505E-6)
(8633,1.1046221254112046E-4)
(9568,1.1046221254112046E-4)
(9124,1.1046221254112046E-4)
(5623,1.1046221254112046E-4)
(9597,1.1046221254112046E-4)
(3041,1.1046221254112046E-4)
(7962,1.1046221254112046E-4)
(9557,1.1046221254112046E-4)
(4431,1.1046221254112046E-4)
(1685,1.1046221254112046E-4)
(1740,1.1046221254112046E-4)
(116,1.1046221254112046E-4)
(6844,1.1046221254112046E-4)
(6297,1.1046221254112046E-4)
(2282,1.1046221254112046E-4)
(9535,1.1046221254112046E-4)
(4460,1.1046221254112046E-4)
(633,1.1046221254112046E-4)
(992,1.1046221254112046E-4)
(5656,1.1046221254112046E-4)
(6316,1.1046221254112046E-4)
(5058,1.1046221254112046E-4)
(3944,1.1046221254112046E-4)
(6682,1.1046221254112046E-4)
(4769,1.1046221254112046E-4)
(6550,1.1046221254112046E-4)
(2709,9.462212541120453E-6)
(6789,1.1046221254112046E-4)
(3449,1.1046221254112046E-4)
(2158,1.1046221254112046E-4)
(7001,1.0936852726843613E-6)
(8567,1.1046221254112046E-4)
(9050,1.1046221254112046E-4)
(4152,1.1046221254112046E-4)
(24,1.1046221254112046E-4)
(3229,1.1046221254112046E-4)
(3379,1.1046221254112046E-4)
(1201,1.0936852726843613E-6)
(3214,1.1046221254112046E-4)
(9623,1.1046221254112046E-4)
(1359,1.1046221254112046E-4)
(8721,1.1046221254112046E-4)
(9744,1.1046221254112046E-4)
(530,1.1046221254112046E-4)
(7702,2.1765419783124415E-6)
(2118,1.1046221254112046E-4)
(2741,1.1046221254112046E-4)
(3537,1.1046221254112046E-4)
(7199,1.1046221254112046E-4)
(3713,1.1046221254112046E-4)
(8482,1.1046221254112046E-4)
(8112,1.1046221254112046E-4)
(798,1.1046221254112046E-4)
(6437,1.1046221254112046E-4)
(3852,1.1046221254112046E-4)
(790,1.1046221254112046E-4)
(3658,1.1046221254112046E-4)
(5399,1.1046221254112046E-4)
(538,1.1046221254112046E-4)
(6947,1.1046221254112046E-4)
(6404,4.310197481020451E-6)
(4170,1.1046221254112046E-4)
(2815,1.1046221254112046E-4)
(7298,1.1046221254112046E-4)
(2037,1.1046221254112046E-4)
(79,1.1046221254112046E-4)
(1014,1.1046221254112046E-4)
(3478,1.1046221254112046E-4)
(8417,1.1046221254112046E-4)
(4952,1.1046221254112046E-4)
(7683,1.1046221254112046E-4)
(3731,1.1046221254112046E-4)
(2808,8.452212541120452E-6)
(1344,1.1046221254112046E-4)
(4673,1.1046221254112046E-4)
(8684,1.1046221254112046E-4)
(7438,1.1046221254112046E-4)
(7599,1.1046221254112046E-4)
(512,1.1046221254112046E-4)
(2972,1.1046221254112046E-4)
(7728,1.1046221254112046E-4)
(8985,1.1046221254112046E-4)
(9982,1.1046221254112046E-4)
(2774,1.1046221254112046E-4)
(4909,9.462212541120453E-6)
(8934,1.1046221254112046E-4)
(1458,1.1046221254112046E-4)
(8952,1.1046221254112046E-4)
(9450,1.1046221254112046E-4)
(424,1.1046221254112046E-4)
(6143,1.1046221254112046E-4)
(2044,1.1046221254112046E-4)
(8446,1.1046221254112046E-4)
(277,1.1046221254112046E-4)
(3027,1.1046221254112046E-4)
(7104,4.310197481020451E-6)
(4879,1.1046221254112046E-4)
(9171,1.1046221254112046E-4)
(6840,1.1046221254112046E-4)
(3720,1.1046221254112046E-4)
(6033,1.1046221254112046E-4)
(2293,1.1046221254112046E-4)
(7812,1.1046221254112046E-4)
(6936,1.1046221254112046E-4)
(4549,1.1046221254112046E-4)
(1517,1.1046221254112046E-4)
(1847,1.1046221254112046E-4)
(2529,1.1046221254112046E-4)
(3856,1.1046221254112046E-4)
(4783,1.1046221254112046E-4)
(5193,1.1046221254112046E-4)
(9458,1.1046221254112046E-4)
(1131,1.1046221254112046E-4)
(5898,1.1046221254112046E-4)
(3919,1.1046221254112046E-4)
(6099,1.1046221254112046E-4)
(1575,1.1046221254112046E-4)
(3346,1.1046221254112046E-4)
(6745,1.1046221254112046E-4)
(3870,1.1046221254112046E-4)
(1490,1.1046221254112046E-4)
(4828,1.1046221254112046E-4)
(2613,1.1046221254112046E-4)
(9490,1.1046221254112046E-4)
(673,1.1046221254112046E-4)
(699,1.1046221254112046E-4)
(4028,1.1046221254112046E-4)
(1267,1.1046221254112046E-4)
(9106,6.401811541120451E-6)
(6341,1.1046221254112046E-4)
(3191,1.1046221254112046E-4)
(3962,1.1046221254112046E-4)
(8442,1.1046221254112046E-4)
(2778,1.1046221254112046E-4)
(9249,1.1046221254112046E-4)
(7313,1.1046221254112046E-4)
(211,1.1046221254112046E-4)
(1135,1.1046221254112046E-4)
(5043,1.1046221254112046E-4)
(2660,1.1046221254112046E-4)
(1304,4.310197481020451E-6)
(981,1.1046221254112046E-4)
(3382,1.1046221254112046E-4)
(7357,1.1046221254112046E-4)
(7977,1.1046221254112046E-4)
(2129,1.1046221254112046E-4)
(2374,1.1046221254112046E-4)
(4189,1.1046221254112046E-4)
(3797,1.1046221254112046E-4)
(4325,1.1046221254112046E-4)
(5337,1.1046221254112046E-4)
(4369,1.1046221254112046E-4)
(3690,1.1046221254112046E-4)
(1098,1.1046221254112046E-4)
(307,7.432112541120452E-6)
(2888,1.1046221254112046E-4)
(2080,1.1046221254112046E-4)
(2862,1.1046221254112046E-4)
(5913,1.1046221254112046E-4)
(1689,1.1046221254112046E-4)
(1854,1.1046221254112046E-4)
(4938,1.1046221254112046E-4)
(5069,1.1046221254112046E-4)
(7555,1.1046221254112046E-4)
(2305,5.3612075311204505E-6)
(3034,1.1046221254112046E-4)
(2792,1.1046221254112046E-4)
(2341,1.1046221254112046E-4)
(592,1.1046221254112046E-4)
(4996,1.1046221254112046E-4)
(2705,5.3612075311204505E-6)
(7809,9.462212541120453E-6)
(1597,1.1046221254112046E-4)
(1553,1.1046221254112046E-4)
(8772,1.1046221254112046E-4)
(2943,1.1046221254112046E-4)
(7665,1.1046221254112046E-4)
(5366,1.1046221254112046E-4)
(5788,1.1046221254112046E-4)
(134,1.1046221254112046E-4)
(7371,1.1046221254112046E-4)
(138,1.1046221254112046E-4)
(1829,1.1046221254112046E-4)
(4053,1.1046221254112046E-4)
(2462,1.1046221254112046E-4)
(5854,1.1046221254112046E-4)
(8534,1.1046221254112046E-4)
(794,1.1046221254112046E-4)
(5638,1.1046221254112046E-4)
(6183,1.1046221254112046E-4)
(28,1.1046221254112046E-4)
(6950,1.1046221254112046E-4)
(9197,1.1046221254112046E-4)
(8820,1.1046221254112046E-4)
(761,1.1046221254112046E-4)
(2239,1.1046221254112046E-4)
(2488,1.1046221254112046E-4)
(9436,1.1046221254112046E-4)
(9821,1.1046221254112046E-4)
(8589,1.1046221254112046E-4)
(6998,1.1046221254112046E-4)
(5825,1.1046221254112046E-4)
(6455,1.1046221254112046E-4)
(3632,1.1046221254112046E-4)
(8431,1.1046221254112046E-4)
(8622,1.1046221254112046E-4)
(2950,1.1046221254112046E-4)
(8486,1.1046221254112046E-4)
(1443,1.1046221254112046E-4)
(8251,1.1046221254112046E-4)
(9700,1.1046221254112046E-4)
(2664,1.1046221254112046E-4)
(7221,1.1046221254112046E-4)
(4736,1.1046221254112046E-4)
(1557,1.1046221254112046E-4)
(1634,1.1046221254112046E-4)
(1663,1.1046221254112046E-4)
(3805,5.3612075311204505E-6)
(1605,5.3612075311204505E-6)
(4093,1.1046221254112046E-4)
(6103,3.248677330419451E-6)
(4486,1.1046221254112046E-4)
(6268,1.1046221254112046E-4)
(7265,1.1046221254112046E-4)
(5993,1.1046221254112046E-4)
(2899,1.1046221254112046E-4)
(9719,1.1046221254112046E-4)
(6800,1.1046221254112046E-4)
(1197,1.1046221254112046E-4)
(930,1.1046221254112046E-4)
(4776,1.1046221254112046E-4)
(2682,1.1046221254112046E-4)
(5117,1.1046221254112046E-4)
(8109,9.462212541120453E-6)
(8541,1.1046221254112046E-4)
(3207,7.432112541120452E-6)
(7540,1.1046221254112046E-4)
(9876,1.1046221254112046E-4)
(4314,1.1046221254112046E-4)
(5513,1.1046221254112046E-4)
(4835,1.1046221254112046E-4)
(5733,1.1046221254112046E-4)
(8244,1.1046221254112046E-4)
(5054,1.1046221254112046E-4)
(9539,1.1046221254112046E-4)
(2987,1.1046221254112046E-4)
(4024,1.1046221254112046E-4)
(3375,1.1046221254112046E-4)
(952,1.1046221254112046E-4)
(7056,1.1046221254112046E-4)
(8318,1.1046221254112046E-4)
(6727,1.1046221254112046E-4)
(2770,1.1046221254112046E-4)
(5153,1.1046221254112046E-4)
(9270,1.1046221254112046E-4)
(4567,1.1046221254112046E-4)
(9281,1.1046221254112046E-4)
(8817,1.1046221254112046E-4)
(886,1.1046221254112046E-4)
(2419,1.1046221254112046E-4)
(6602,2.1765419783124415E-6)
(4303,3.248677330419451E-6)
(7027,1.1046221254112046E-4)
(8134,1.1046221254112046E-4)
(3959,1.1046221254112046E-4)
(4798,1.1046221254112046E-4)
(2444,1.1046221254112046E-4)
(8390,1.1046221254112046E-4)
(1748,1.1046221254112046E-4)
(3052,1.1046221254112046E-4)
(2495,1.1046221254112046E-4)
(7115,1.1046221254112046E-4)
(3276,1.1046221254112046E-4)
(9429,1.1046221254112046E-4)
(5685,1.1046221254112046E-4)
(8428,1.1046221254112046E-4)
(6480,1.1046221254112046E-4)
(7562,1.1046221254112046E-4)
(497,1.1046221254112046E-4)
(3438,1.1046221254112046E-4)
(2763,1.1046221254112046E-4)
(9102,2.1765419783124415E-6)
(7180,1.1046221254112046E-4)
(9179,1.1046221254112046E-4)
(39,1.1046221254112046E-4)
(2536,1.1046221254112046E-4)
(6327,1.1046221254112046E-4)
(2936,1.1046221254112046E-4)
(5726,1.1046221254112046E-4)
(5300,1.1046221254112046E-4)
(7706,6.401811541120451E-6)
(5818,1.1046221254112046E-4)
(9399,1.1046221254112046E-4)
(3067,1.1046221254112046E-4)
(1708,8.452212541120452E-6)
(5429,1.1046221254112046E-4)
(8732,1.1046221254112046E-4)
(5553,1.1046221254112046E-4)
(3683,1.1046221254112046E-4)
(4729,1.1046221254112046E-4)
(9461,1.1046221254112046E-4)
(8082,1.1046221254112046E-4)
(9898,1.1046221254112046E-4)
(8839,1.1046221254112046E-4)
(3038,1.1046221254112046E-4)
(3863,1.1046221254112046E-4)
(7753,1.1046221254112046E-4)
(5418,1.1046221254112046E-4)
(5575,1.1046221254112046E-4)
(7739,1.1046221254112046E-4)
(8284,1.1046221254112046E-4)
(8882,1.1046221254112046E-4)
(9058,1.1046221254112046E-4)
(6976,1.1046221254112046E-4)
(7162,1.1046221254112046E-4)
(4002,2.1765419783124415E-6)
(1094,1.1046221254112046E-4)
(7269,1.1046221254112046E-4)
(3540,1.1046221254112046E-4)
(4046,1.1046221254112046E-4)
(8464,1.1046221254112046E-4)
(6914,1.1046221254112046E-4)
(8457,1.1046221254112046E-4)
(6635,1.1046221254112046E-4)
(5278,1.1046221254112046E-4)
(5982,1.1046221254112046E-4)
(3269,1.1046221254112046E-4)
(3218,1.1046221254112046E-4)
(7254,1.1046221254112046E-4)
(8644,1.1046221254112046E-4)
(42,1.1046221254112046E-4)
(1418,1.1046221254112046E-4)
(1340,1.1046221254112046E-4)
(9737,1.1046221254112046E-4)
(7919,1.1046221254112046E-4)
(7980,1.1046221254112046E-4)
(8079,1.1046221254112046E-4)
(2338,1.1046221254112046E-4)
(3966,1.1046221254112046E-4)
(7863,1.1046221254112046E-4)
(2561,1.1046221254112046E-4)
(5373,1.1046221254112046E-4)
(9175,1.1046221254112046E-4)
(8064,1.1046221254112046E-4)
(3753,1.1046221254112046E-4)
(8163,1.1046221254112046E-4)
(3180,1.1046221254112046E-4)
(1858,1.1046221254112046E-4)
(1436,1.1046221254112046E-4)
(7867,1.1046221254112046E-4)
(8262,1.1046221254112046E-4)
(3195,1.1046221254112046E-4)
(1003,3.248677330419451E-6)
(3364,1.1046221254112046E-4)
(1065,1.1046221254112046E-4)
(8743,1.1046221254112046E-4)
(3771,1.1046221254112046E-4)
(6822,1.1046221254112046E-4)
(6190,1.1046221254112046E-4)
(1623,1.1046221254112046E-4)
(1560,1.1046221254112046E-4)
(3328,1.1046221254112046E-4)
(2367,1.1046221254112046E-4)
(871,1.1046221254112046E-4)
(2437,1.1046221254112046E-4)
(4703,3.248677330419451E-6)
(5333,1.1046221254112046E-4)
(8750,1.1046221254112046E-4)
(626,1.1046221254112046E-4)
(3210,1.0462212541120453E-5)
(2055,1.1046221254112046E-4)
(8978,1.1046221254112046E-4)
(5722,1.1046221254112046E-4)
(4901,1.0936852726843613E-6)
(7092,1.1046221254112046E-4)
(7566,1.1046221254112046E-4)
(9377,1.1046221254112046E-4)
(1117,1.1046221254112046E-4)
(4619,1.1046221254112046E-4)
(7317,1.1046221254112046E-4)
(7294,1.1046221254112046E-4)
(3717,1.1046221254112046E-4)
(581,1.1046221254112046E-4)
(2381,1.1046221254112046E-4)
(4905,5.3612075311204505E-6)
(5436,1.1046221254112046E-4)
(9061,1.1046221254112046E-4)
(8516,1.1046221254112046E-4)
(9810,1.0462212541120453E-5)
(5689,1.1046221254112046E-4)
(9094,1.1046221254112046E-4)
(5858,1.1046221254112046E-4)
(648,1.1046221254112046E-4)
(6202,2.1765419783124415E-6)
(5289,1.1046221254112046E-4)
(431,1.1046221254112046E-4)
(1146,1.1046221254112046E-4)
(2231,1.1046221254112046E-4)
(8879,1.1046221254112046E-4)
(3092,1.1046221254112046E-4)
(3485,1.1046221254112046E-4)
(5090,1.1046221254112046E-4)
(354,1.1046221254112046E-4)
(817,1.1046221254112046E-4)
(3148,1.1046221254112046E-4)
(1883,1.1046221254112046E-4)
(4127,1.1046221254112046E-4)
(5403,3.248677330419451E-6)
(5829,1.1046221254112046E-4)
(5605,5.3612075311204505E-6)
(8273,1.1046221254112046E-4)
(2022,1.1046221254112046E-4)
(7009,9.462212541120453E-6)
(1348,1.1046221254112046E-4)
(1788,1.1046221254112046E-4)
(6080,1.1046221254112046E-4)
(1612,1.1046221254112046E-4)
(1931,1.1046221254112046E-4)
(4075,1.1046221254112046E-4)
(1942,1.1046221254112046E-4)
(7650,1.1046221254112046E-4)
(6282,1.1046221254112046E-4)
(5964,1.1046221254112046E-4)
(6723,1.1046221254112046E-4)
(7661,1.1046221254112046E-4)
(5986,1.1046221254112046E-4)
(7720,1.1046221254112046E-4)
(3548,1.1046221254112046E-4)
(8923,1.1046221254112046E-4)
(8406,6.401811541120451E-6)
(4273,1.1046221254112046E-4)
(4721,1.1046221254112046E-4)
(8875,1.1046221254112046E-4)
(4934,1.1046221254112046E-4)
(8123,1.1046221254112046E-4)
(1476,1.1046221254112046E-4)
(3030,1.1046221254112046E-4)
(545,1.1046221254112046E-4)
(3515,1.1046221254112046E-4)
(9685,1.1046221254112046E-4)
(6653,1.1046221254112046E-4)
(6451,1.1046221254112046E-4)
(6671,1.1046221254112046E-4)
(7191,1.1046221254112046E-4)
(2891,1.1046221254112046E-4)
(7508,8.452212541120452E-6)
(7052,1.1046221254112046E-4)
(1274,1.1046221254112046E-4)
(3661,1.1046221254112046E-4)
(6624,1.1046221254112046E-4)
(608,8.452212541120452E-6)
(314,1.1046221254112046E-4)
(3519,1.1046221254112046E-4)
(2385,1.1046221254112046E-4)
(7272,1.1046221254112046E-4)
(1205,5.3612075311204505E-6)
(3977,1.1046221254112046E-4)
(3294,1.1046221254112046E-4)
(5715,1.1046221254112046E-4)
(5803,3.248677330419451E-6)
(1755,1.1046221254112046E-4)
(8006,6.401811541120451E-6)
(8699,1.1046221254112046E-4)
(4079,1.1046221254112046E-4)
(6381,1.1046221254112046E-4)
(5807,7.432112541120452E-6)
(7991,1.1046221254112046E-4)
(927,1.1046221254112046E-4)
(1083,1.1046221254112046E-4)
(332,1.1046221254112046E-4)
(4156,1.1046221254112046E-4)
(6037,1.1046221254112046E-4)
(9157,1.1046221254112046E-4)
(7951,1.1046221254112046E-4)
(7250,1.1046221254112046E-4)
(5847,1.1046221254112046E-4)
(2628,1.1046221254112046E-4)
(9186,1.1046221254112046E-4)
(9564,1.1046221254112046E-4)
(5395,1.1046221254112046E-4)
(6323,1.1046221254112046E-4)
(1388,1.1046221254112046E-4)
(523,1.1046221254112046E-4)
(2738,1.1046221254112046E-4)
(4358,1.1046221254112046E-4)
(4761,1.1046221254112046E-4)
(1524,1.1046221254112046E-4)
(6264,1.1046221254112046E-4)
(2635,1.1046221254112046E-4)
(8068,1.1046221254112046E-4)
(7669,1.1046221254112046E-4)
(9216,1.1046221254112046E-4)
(1506,6.401811541120451E-6)
(9788,1.1046221254112046E-4)
(846,1.1046221254112046E-4)
(13,1.1046221254112046E-4)
(6055,1.1046221254112046E-4)
(9340,1.1046221254112046E-4)
(5681,1.1046221254112046E-4)
(8967,1.1046221254112046E-4)
(853,1.1046221254112046E-4)
(1142,1.1046221254112046E-4)
(6125,1.1046221254112046E-4)
(9403,3.248677330419451E-6)
(2642,1.1046221254112046E-4)
(1494,1.1046221254112046E-4)
(3603,3.248677330419451E-6)
(237,1.1046221254112046E-4)
(4970,1.1046221254112046E-4)
(8596,1.1046221254112046E-4)
(1982,1.1046221254112046E-4)
(860,1.1046221254112046E-4)
(9256,1.1046221254112046E-4)
(5454,1.1046221254112046E-4)
(8901,1.0936852726843613E-6)
(5832,1.1046221254112046E-4)
(9135,1.1046221254112046E-4)
(8189,1.1046221254112046E-4)
(8530,1.1046221254112046E-4)
(3434,1.1046221254112046E-4)
(8237,1.1046221254112046E-4)
(6880,1.1046221254112046E-4)
(4060,1.1046221254112046E-4)
(6554,1.1046221254112046E-4)
(9182,1.1046221254112046E-4)
(8248,1.1046221254112046E-4)
(7126,1.1046221254112046E-4)
(3445,1.1046221254112046E-4)
(2976,1.1046221254112046E-4)
(9692,1.1046221254112046E-4)
(6679,1.1046221254112046E-4)
(5704,4.310197481020451E-6)
(5142,1.1046221254112046E-4)
(6301,1.0936852726843613E-6)
(2264,1.1046221254112046E-4)
(7005,5.3612075311204505E-6)
(2532,1.1046221254112046E-4)
(8710,1.0462212541120453E-5)
(3126,1.1046221254112046E-4)
(5692,1.1046221254112046E-4)
(6176,1.1046221254112046E-4)
(842,1.1046221254112046E-4)
(2848,1.1046221254112046E-4)
(4552,1.1046221254112046E-4)
(4101,1.0936852726843613E-6)
(9960,1.1046221254112046E-4)
(2491,1.1046221254112046E-4)
(2903,3.248677330419451E-6)
(9326,1.1046221254112046E-4)
(2969,1.1046221254112046E-4)
(8141,1.1046221254112046E-4)
(6547,1.1046221254112046E-4)
(2091,1.1046221254112046E-4)
(2316,1.1046221254112046E-4)
(8354,1.1046221254112046E-4)
(5678,1.1046221254112046E-4)
(1032,1.1046221254112046E-4)
(2019,1.1046221254112046E-4)
(3526,1.1046221254112046E-4)
(3199,1.1046221254112046E-4)
(3911,1.1046221254112046E-4)
(6576,1.1046221254112046E-4)
(2323,1.1046221254112046E-4)
(1627,1.1046221254112046E-4)
(4482,1.1046221254112046E-4)
(6770,1.1046221254112046E-4)
(6158,1.1046221254112046E-4)
(1322,1.1046221254112046E-4)
(6617,1.1046221254112046E-4)
(1818,1.1046221254112046E-4)
(2455,1.1046221254112046E-4)
(75,1.1046221254112046E-4)
(651,1.1046221254112046E-4)
(3566,1.1046221254112046E-4)
(9139,1.1046221254112046E-4)
(2965,1.1046221254112046E-4)
(9726,1.1046221254112046E-4)
(5531,1.1046221254112046E-4)
(2873,1.1046221254112046E-4)
(4853,1.1046221254112046E-4)
(5292,1.1046221254112046E-4)
(435,1.1046221254112046E-4)
(9883,1.1046221254112046E-4)
(3081,1.1046221254112046E-4)
(1270,1.1046221254112046E-4)
(7698,1.1046221254112046E-4)
(1168,1.1046221254112046E-4)
(9304,4.310197481020451E-6)
(9072,1.1046221254112046E-4)
(4839,1.1046221254112046E-4)
(17,1.1046221254112046E-4)
(4291,1.1046221254112046E-4)
(2569,1.1046221254112046E-4)
(3724,1.1046221254112046E-4)
(2066,1.1046221254112046E-4)
(262,1.1046221254112046E-4)
(1447,1.1046221254112046E-4)
(5014,1.1046221254112046E-4)
(4288,1.1046221254112046E-4)
(8181,1.1046221254112046E-4)
(361,1.1046221254112046E-4)
(2213,1.1046221254112046E-4)
(3287,1.1046221254112046E-4)
(2907,7.432112541120452E-6)
(4974,1.1046221254112046E-4)
(3841,1.1046221254112046E-4)
(9421,1.1046221254112046E-4)
(1043,1.1046221254112046E-4)
(3951,1.1046221254112046E-4)
(9582,1.1046221254112046E-4)
(2224,1.1046221254112046E-4)
(5560,1.1046221254112046E-4)
(783,1.1046221254112046E-4)
(1432,1.1046221254112046E-4)
(3188,1.1046221254112046E-4)
(163,1.1046221254112046E-4)
(8769,1.1046221254112046E-4)
(9223,1.1046221254112046E-4)
(820,1.1046221254112046E-4)
(2345,1.1046221254112046E-4)
(9872,1.1046221254112046E-4)
(295,1.1046221254112046E-4)
(3203,3.248677330419451E-6)
(2910,1.0462212541120453E-5)
(2510,1.0462212541120453E-5)
(4512,1.1046221254112046E-4)
(5003,3.248677330419451E-6)
(5708,8.452212541120452E-6)
(8938,1.1046221254112046E-4)
(1791,1.1046221254112046E-4)
(2422,1.1046221254112046E-4)
(1674,1.1046221254112046E-4)
(2646,1.1046221254112046E-4)
(3607,7.432112541120452E-6)
(5351,1.1046221254112046E-4)
(9472,1.1046221254112046E-4)
(2312,1.1046221254112046E-4)
(8626,1.1046221254112046E-4)
(9128,1.1046221254112046E-4)
(5865,1.1046221254112046E-4)
(655,1.1046221254112046E-4)
(6631,1.1046221254112046E-4)
(1209,9.462212541120453E-6)
(5616,1.1046221254112046E-4)
(20,1.1046221254112046E-4)
(6260,1.1046221254112046E-4)
(3056,1.1046221254112046E-4)
(2606,6.401811541120451E-6)
(3089,1.1046221254112046E-4)
(3999,1.1046221254112046E-4)
(4765,1.1046221254112046E-4)
(5139,1.1046221254112046E-4)
(5791,1.1046221254112046E-4)
(6697,1.1046221254112046E-4)
(9168,1.1046221254112046E-4)
(5869,1.1046221254112046E-4)
(1722,1.1046221254112046E-4)
(9193,1.1046221254112046E-4)
(6686,1.1046221254112046E-4)
(3900,1.1046221254112046E-4)
(9887,1.1046221254112046E-4)
(3427,1.1046221254112046E-4)
(9414,1.1046221254112046E-4)
(1157,1.1046221254112046E-4)
(4714,1.1046221254112046E-4)
(5759,1.1046221254112046E-4)
(1407,7.432112541120452E-6)
(6374,1.1046221254112046E-4)
(1230,1.1046221254112046E-4)
(8970,1.1046221254112046E-4)
(3595,1.1046221254112046E-4)
(5997,1.1046221254112046E-4)
(2859,1.1046221254112046E-4)
(1465,1.1046221254112046E-4)
(1300,1.1046221254112046E-4)
(7940,1.1046221254112046E-4)
(6309,9.462212541120453E-6)
(8387,1.1046221254112046E-4)
(4141,1.1046221254112046E-4)
(6363,1.1046221254112046E-4)
(457,1.1046221254112046E-4)
(4446,1.1046221254112046E-4)
(6572,1.1046221254112046E-4)
(2440,1.1046221254112046E-4)
(4402,2.1765419783124415E-6)
(4039,1.1046221254112046E-4)
(7629,1.1046221254112046E-4)
(2073,1.1046221254112046E-4)
(5007,7.432112541120452E-6)
(7155,1.1046221254112046E-4)
(8509,9.462212541120453E-6)
(2925,1.1046221254112046E-4)
(4134,1.1046221254112046E-4)
(2727,1.1046221254112046E-4)
(6,6.401811541120451E-6)
(4831,1.1046221254112046E-4)
(541,1.1046221254112046E-4)
(4240,1.1046221254112046E-4)
(5472,1.1046221254112046E-4)
(5906,6.401811541120451E-6)
(8420,1.1046221254112046E-4)
(1403,3.248677330419451E-6)
(86,1.1046221254112046E-4)
(6150,1.1046221254112046E-4)
(4842,1.1046221254112046E-4)
(4516,1.1046221254112046E-4)
(1106,6.401811541120451E-6)
(1902,2.1765419783124415E-6)
(1935,1.1046221254112046E-4)
(9513,1.1046221254112046E-4)
(2518,1.1046221254112046E-4)
(6110,1.0462212541120453E-5)
(666,1.1046221254112046E-4)
(4336,1.1046221254112046E-4)
(4086,1.1046221254112046E-4)
(4747,1.1046221254112046E-4)
(3544,1.1046221254112046E-4)
(828,1.1046221254112046E-4)
(3816,1.1046221254112046E-4)
(1656,1.1046221254112046E-4)
(6330,1.1046221254112046E-4)
(7261,1.1046221254112046E-4)
(7489,1.1046221254112046E-4)
(2275,1.1046221254112046E-4)
(1861,1.1046221254112046E-4)
(2929,1.1046221254112046E-4)
(8222,1.1046221254112046E-4)
(8071,1.1046221254112046E-4)
(2800,1.1046221254112046E-4)
(4655,1.1046221254112046E-4)
(3481,1.1046221254112046E-4)
(1326,1.1046221254112046E-4)
(6529,1.1046221254112046E-4)
(3452,1.1046221254112046E-4)
(9432,1.1046221254112046E-4)
(3104,4.310197481020451E-6)
(4608,8.452212541120452E-6)
(6613,1.1046221254112046E-4)
(4299,1.1046221254112046E-4)
(9032,1.1046221254112046E-4)
(8604,4.310197481020451E-6)
(9098,1.1046221254112046E-4)
(2411,1.1046221254112046E-4)
(5520,1.1046221254112046E-4)
(6877,1.1046221254112046E-4)
(7607,7.432112541120452E-6)
(4923,1.1046221254112046E-4)
(6228,1.1046221254112046E-4)
(3371,1.1046221254112046E-4)
(6532,1.1046221254112046E-4)
(1454,1.1046221254112046E-4)
(6242,1.1046221254112046E-4)
(8886,1.1046221254112046E-4)
(5876,1.1046221254112046E-4)
(8563,1.1046221254112046E-4)
(9267,1.1046221254112046E-4)
(4097,1.1046221254112046E-4)
(9645,1.1046221254112046E-4)
(3357,1.1046221254112046E-4)
(3456,1.1046221254112046E-4)
(8358,1.1046221254112046E-4)
(941,1.1046221254112046E-4)
(2008,8.452212541120452E-6)
(3892,1.1046221254112046E-4)
(6488,1.1046221254112046E-4)
(4332,1.1046221254112046E-4)
(8167,1.1046221254112046E-4)
(2624,1.1046221254112046E-4)
(4200,1.1046221254112046E-4)
(8394,1.1046221254112046E-4)
(7654,1.1046221254112046E-4)
(1960,1.1046221254112046E-4)
(3672,1.1046221254112046E-4)
(4505,5.3612075311204505E-6)
(3151,1.1046221254112046E-4)
(6888,1.1046221254112046E-4)
(8754,1.1046221254112046E-4)
(3995,1.1046221254112046E-4)
(9014,1.1046221254112046E-4)
(4350,1.1046221254112046E-4)
(3012,1.1046221254112046E-4)
(5285,1.1046221254112046E-4)
(5942,1.1046221254112046E-4)
(5506,6.401811541120451E-6)
(8024,1.1046221254112046E-4)
(7984,1.1046221254112046E-4)
(5814,1.1046221254112046E-4)
(7793,1.1046221254112046E-4)
(5597,1.1046221254112046E-4)
(288,1.1046221254112046E-4)
(7496,1.1046221254112046E-4)
(3412,1.1046221254112046E-4)
(2990,1.1046221254112046E-4)
(7694,1.1046221254112046E-4)
(2404,4.310197481020451E-6)
(2819,1.1046221254112046E-4)
(4945,1.1046221254112046E-4)
(707,7.432112541120452E-6)
(4347,1.1046221254112046E-4)
(1667,1.1046221254112046E-4)
(916,1.1046221254112046E-4)
(1058,1.1046221254112046E-4)
(9263,1.1046221254112046E-4)
(1281,1.1046221254112046E-4)
(1333,1.1046221254112046E-4)
(6077,1.1046221254112046E-4)
(718,1.1046221254112046E-4)
(7452,1.1046221254112046E-4)
(4251,1.1046221254112046E-4)
(1850,1.1046221254112046E-4)
(6459,1.1046221254112046E-4)
(2884,1.1046221254112046E-4)
(897,1.1046221254112046E-4)
(5186,1.1046221254112046E-4)
(7760,1.1046221254112046E-4)
(6448,1.1046221254112046E-4)
(4930,1.1046221254112046E-4)
(1766,1.1046221254112046E-4)
(6774,1.1046221254112046E-4)
(7537,1.1046221254112046E-4)
(8259,1.1046221254112046E-4)
(6925,1.1046221254112046E-4)
(4307,7.432112541120452E-6)
(4574,1.1046221254112046E-4)
(1450,1.1046221254112046E-4)
(2918,1.1046221254112046E-4)
(8691,1.1046221254112046E-4)
(7463,1.1046221254112046E-4)
(3342,1.1046221254112046E-4)
(7485,1.1046221254112046E-4)
(1986,1.1046221254112046E-4)
(5924,1.1046221254112046E-4)
(310,1.0462212541120453E-5)
(4354,1.1046221254112046E-4)
(3137,1.1046221254112046E-4)
(5171,1.1046221254112046E-4)
(6026,1.1046221254112046E-4)
(7151,1.1046221254112046E-4)
(7878,1.1046221254112046E-4)
(5029,1.1046221254112046E-4)
(5517,1.1046221254112046E-4)
(2895,1.1046221254112046E-4)
(3775,1.1046221254112046E-4)
(1869,1.1046221254112046E-4)
(5667,1.1046221254112046E-4)
(6312,1.1046221254112046E-4)
(8497,1.1046221254112046E-4)
(9292,1.1046221254112046E-4)
(2011,1.1046221254112046E-4)
(3133,1.1046221254112046E-4)
(3409,9.462212541120453E-6)
(3988,1.1046221254112046E-4)
(5032,1.1046221254112046E-4)
(4563,1.1046221254112046E-4)
(5939,1.1046221254112046E-4)
(6756,1.1046221254112046E-4)
(2217,1.1046221254112046E-4)
(5700,1.1046221254112046E-4)
(2125,1.1046221254112046E-4)
(1047,1.1046221254112046E-4)
(5061,1.1046221254112046E-4)
(7397,1.1046221254112046E-4)
(6921,1.1046221254112046E-4)
(8343,1.1046221254112046E-4)
(8549,1.1046221254112046E-4)
(372,1.1046221254112046E-4)
(945,1.1046221254112046E-4)
(6415,1.1046221254112046E-4)
(1498,1.1046221254112046E-4)
(3339,1.1046221254112046E-4)
(8677,1.1046221254112046E-4)
(8930,1.1046221254112046E-4)
(6943,1.1046221254112046E-4)
(1715,1.1046221254112046E-4)
(6792,1.1046221254112046E-4)
(6279,1.1046221254112046E-4)
(6752,1.1046221254112046E-4)
(8714,1.1046221254112046E-4)
(9531,1.1046221254112046E-4)
(9483,1.1046221254112046E-4)
(2268,1.1046221254112046E-4)
(710,1.0462212541120453E-5)
(9791,1.1046221254112046E-4)
(3760,1.1046221254112046E-4)
(8857,1.1046221254112046E-4)
(909,9.462212541120453E-6)
(9003,3.248677330419451E-6)
(5719,1.1046221254112046E-4)
(3243,1.1046221254112046E-4)
(6804,4.310197481020451E-6)
(2000,1.1046221254112046E-4)
(1924,1.1046221254112046E-4)
(8835,1.1046221254112046E-4)
(1906,6.401811541120451E-6)
(9553,1.1046221254112046E-4)
(8853,1.1046221254112046E-4)
(1296,1.1046221254112046E-4)
(5630,1.1046221254112046E-4)
(2040,1.1046221254112046E-4)
(9593,1.1046221254112046E-4)
(7140,1.1046221254112046E-4)
(57,1.1046221254112046E-4)
(5227,1.1046221254112046E-4)
(1784,1.1046221254112046E-4)
(35,1.1046221254112046E-4)
(970,1.1046221254112046E-4)
(1090,1.1046221254112046E-4)
(2590,1.1046221254112046E-4)
(1920,1.1046221254112046E-4)
(1939,1.1046221254112046E-4)
(8992,1.1046221254112046E-4)
(4790,1.1046221254112046E-4)
(7434,1.1046221254112046E-4)
(2804,4.310197481020451E-6)
(8460,1.1046221254112046E-4)
(4112,1.1046221254112046E-4)
(5586,1.1046221254112046E-4)
(6257,1.1046221254112046E-4)
(5157,1.1046221254112046E-4)
(9630,1.1046221254112046E-4)
(3698,1.1046221254112046E-4)
(369,1.1046221254112046E-4)
(123,1.1046221254112046E-4)
(3155,1.1046221254112046E-4)
(5696,1.1046221254112046E-4)
(5843,1.1046221254112046E-4)
(6066,1.1046221254112046E-4)
(2781,1.1046221254112046E-4)
(420,1.1046221254112046E-4)
(3834,1.1046221254112046E-4)
(3706,6.401811541120451E-6)
(7915,1.1046221254112046E-4)
(7339,1.1046221254112046E-4)
(6796,1.1046221254112046E-4)
(6198,1.1046221254112046E-4)
(2521,1.1046221254112046E-4)
(7412,1.1046221254112046E-4)
(8941,1.1046221254112046E-4)
(7526,1.1046221254112046E-4)
(7959,1.1046221254112046E-4)
(5120,1.1046221254112046E-4)
(8655,1.1046221254112046E-4)
(8017,1.1046221254112046E-4)
(5601,1.0936852726843613E-6)
(9142,1.1046221254112046E-4)
(4196,1.1046221254112046E-4)
(2503,3.248677330419451E-6)
(3115,1.1046221254112046E-4)
(5568,1.1046221254112046E-4)
(7393,1.1046221254112046E-4)
(3940,1.1046221254112046E-4)
(8662,1.1046221254112046E-4)
(2631,1.1046221254112046E-4)
(4581,1.1046221254112046E-4)
(4626,1.1046221254112046E-4)
(677,1.1046221254112046E-4)
(3728,1.1046221254112046E-4)
(2235,1.1046221254112046E-4)
(776,1.1046221254112046E-4)
(1810,1.0462212541120453E-5)
(1649,1.1046221254112046E-4)
(9773,1.1046221254112046E-4)
(4666,1.1046221254112046E-4)
(2172,1.1046221254112046E-4)
(6558,1.1046221254112046E-4)
(9939,1.1046221254112046E-4)
(4109,9.462212541120453E-6)
(3140,1.1046221254112046E-4)
(2983,1.1046221254112046E-4)
(1609,9.462212541120453E-6)
(7108,8.452212541120452E-6)
(3555,1.1046221254112046E-4)
(6136,1.1046221254112046E-4)
(7908,8.452212541120452E-6)
(4244,1.1046221254112046E-4)
(4981,1.1046221254112046E-4)
(7070,1.1046221254112046E-4)
(3687,1.1046221254112046E-4)
(486,1.1046221254112046E-4)
(4475,1.1046221254112046E-4)
(1120,1.1046221254112046E-4)
(6217,1.1046221254112046E-4)
(2110,1.0462212541120453E-5)
(589,1.1046221254112046E-4)
(1681,1.1046221254112046E-4)
(4435,1.1046221254112046E-4)
(9928,1.1046221254112046E-4)
(5663,1.1046221254112046E-4)
(6370,1.1046221254112046E-4)
(8790,1.1046221254112046E-4)
(1160,1.1046221254112046E-4)
(725,1.1046221254112046E-4)
(1421,1.1046221254112046E-4)
(4633,1.1046221254112046E-4)
(1887,1.1046221254112046E-4)
(5612,1.1046221254112046E-4)
(5524,1.1046221254112046E-4)
(1593,1.1046221254112046E-4)
(1957,1.1046221254112046E-4)
(4464,1.1046221254112046E-4)
(3551,1.1046221254112046E-4)
(2183,1.1046221254112046E-4)
(2228,1.1046221254112046E-4)
(9322,1.1046221254112046E-4)
(2572,1.1046221254112046E-4)
(8383,1.1046221254112046E-4)
(3070,1.1046221254112046E-4)
(9704,4.310197481020451E-6)
(8927,1.1046221254112046E-4)
(3874,1.1046221254112046E-4)
(5263,1.1046221254112046E-4)
(7331,1.1046221254112046E-4)
(3306,6.401811541120451E-6)
(4992,1.1046221254112046E-4)
(6705,5.3612075311204505E-6)
(3933,1.1046221254112046E-4)
(53,1.1046221254112046E-4)
(1249,1.1046221254112046E-4)
(3948,1.1046221254112046E-4)
(1799,1.1046221254112046E-4)
(7335,1.1046221254112046E-4)
(6965,1.1046221254112046E-4)
(8101,1.0936852726843613E-6)
(2051,1.1046221254112046E-4)
(7892,1.1046221254112046E-4)
(2352,1.1046221254112046E-4)
(7207,7.432112541120452E-6)
(4802,2.1765419783124415E-6)
(7775,1.1046221254112046E-4)
(501,1.0936852726843613E-6)
(8570,1.1046221254112046E-4)
(6785,1.1046221254112046E-4)
(7731,1.1046221254112046E-4)
(336,1.1046221254112046E-4)
(1373,1.1046221254112046E-4)
(5465,1.1046221254112046E-4)
(8369,1.1046221254112046E-4)
(8013,1.1046221254112046E-4)
(8556,1.1046221254112046E-4)
(5179,1.1046221254112046E-4)
(2330,1.1046221254112046E-4)
(3265,1.1046221254112046E-4)
(6161,1.1046221254112046E-4)
(3324,1.1046221254112046E-4)
(7595,1.1046221254112046E-4)
(8608,8.452212541120452E-6)
(3643,1.1046221254112046E-4)
(6891,1.1046221254112046E-4)
(2271,1.1046221254112046E-4)
(6929,1.1046221254112046E-4)
(4978,1.1046221254112046E-4)
(1021,1.1046221254112046E-4)
(5164,1.1046221254112046E-4)
(7492,1.1046221254112046E-4)
(9795,1.1046221254112046E-4)
(5546,1.1046221254112046E-4)
(8619,1.1046221254112046E-4)
(9384,1.1046221254112046E-4)
(4648,1.1046221254112046E-4)
(9858,1.1046221254112046E-4)
(6983,1.1046221254112046E-4)
(2099,1.1046221254112046E-4)
(2206,6.401811541120451E-6)
(4758,1.1046221254112046E-4)
(2095,1.1046221254112046E-4)
(4707,7.432112541120452E-6)
(7320,1.1046221254112046E-4)
(9696,1.1046221254112046E-4)
(4541,1.1046221254112046E-4)
(688,1.1046221254112046E-4)
(3489,1.1046221254112046E-4)
(6734,1.1046221254112046E-4)
(7577,1.1046221254112046E-4)
(5344,1.1046221254112046E-4)
(5674,1.1046221254112046E-4)
(882,1.1046221254112046E-4)
(5216,1.1046221254112046E-4)
(2466,1.1046221254112046E-4)
(6389,1.1046221254112046E-4)
(6763,1.1046221254112046E-4)
(8909,9.462212541120453E-6)
(7841,1.1046221254112046E-4)
(1025,1.1046221254112046E-4)
(1036,1.1046221254112046E-4)
(2833,1.1046221254112046E-4)
(3423,1.1046221254112046E-4)
(1762,1.1046221254112046E-4)
(5627,1.1046221254112046E-4)
(8376,1.1046221254112046E-4)
(3111,1.1046221254112046E-4)
(1380,1.1046221254112046E-4)
